mulberry 0 50 0.06
mulberry 50 100 0.5
mulberry 100 150 0.46
mulberry 150 200 0.18
mulberry 200 250 0.22
mulberry 250 300 0.22
mulberry 300 350 0.22
mulberry 350 400 0.28
mulberry 400 450 0.48
mulberry 450 500 0.36
mulberry 500 550 0.32
mulberry 550 600 0.38
mulberry 600 650 0.42
mulberry 650 700 0.42
mulberry 700 750 0.38
mulberry 750 800 0.44
mulberry 800 850 0.5
mulberry 850 900 0.4
mulberry 900 950 0.44
mulberry 950 1000 0.46
mulberry 1000 1050 0.5
mulberry 1050 1100 0.38
mulberry 1100 1150 0.42
mulberry 1150 1200 0.42
mulberry 1200 1250 0.34
mulberry 1250 1300 0.42
mulberry 1300 1350 0.42
mulberry 1350 1400 0.44
mulberry 1400 1450 0.42
mulberry 1450 1500 0.32
mulberry 1500 1550 0.28
mulberry 1550 1600 0.42
mulberry 1600 1650 0.22
mulberry 1650 1700 0.2
mulberry 1700 1750 0.22
mulberry 1750 1800 0.5
mulberry 1800 1850 0.34
mulberry 1850 1900 0.32
mulberry 1900 1950 0.42
mulberry 1950 2000 0.12
mulberry 2000 2050 0.26
mulberry 2050 2100 0.3
mulberry 2100 2150 0.38
mulberry 2150 2200 0.36
mulberry 2200 2250 0.32
mulberry 2250 2300 0.22
mulberry 2300 2350 0.3
mulberry 2350 2400 0.44
mulberry 2400 2450 0.34
mulberry 2450 2500 0.32
mulberry 2500 2550 0.3
mulberry 2550 2600 0.34
mulberry 2600 2650 0.38
mulberry 2650 2700 0.32
mulberry 2700 2750 0.32
mulberry 2750 2800 0.42
mulberry 2800 2850 0.28
mulberry 2850 2900 0.36
mulberry 2900 2950 0.3
mulberry 2950 3000 0.18
mulberry 3000 3050 0.26
mulberry 3050 3100 0.44
mulberry 3100 3150 0.32
mulberry 3150 3200 0.22
mulberry 3200 3250 0.34
mulberry 3250 3300 0.36
mulberry 3300 3350 0.34
mulberry 3350 3400 0.22
mulberry 3400 3450 0.28
mulberry 3450 3500 0.28
mulberry 3500 3550 0.38
mulberry 3550 3600 0.36
mulberry 3600 3650 0.28
mulberry 3650 3700 0.34
mulberry 3700 3750 0.38
mulberry 3750 3800 0.26
mulberry 3800 3850 0.24
mulberry 3850 3900 0.34
mulberry 3900 3950 0.4
mulberry 3950 4000 0.22
mulberry 4000 4050 0.38
mulberry 4050 4100 0.28
mulberry 4100 4150 0.28
mulberry 4150 4200 0.3
mulberry 4200 4250 0.36
mulberry 4250 4300 0.48
mulberry 4300 4350 0.4
mulberry 4350 4400 0.3
mulberry 4400 4450 0.34
mulberry 4450 4500 0.16
mulberry 4500 4550 0.22
mulberry 4550 4600 0.3
mulberry 4600 4650 0.04
mulberry 4650 4700 0.18
mulberry 4700 4750 0.32
mulberry 4750 4800 0.24
mulberry 4800 4850 0.22
mulberry 4850 4900 0.08
mulberry 4900 4950 0.24
mulberry 4950 5000 0.22
mulberry 5000 5050 0.26
mulberry 5050 5100 0.2
mulberry 5100 5150 0.3
mulberry 5150 5200 0.22
mulberry 5200 5250 0.22
mulberry 5250 5300 0.16
mulberry 5300 5350 0.26
mulberry 5350 5400 0.24
mulberry 5400 5450 0.42
mulberry 5450 5500 0.34
mulberry 5500 5550 0.4
mulberry 5550 5600 0.42
mulberry 5600 5650 0.44
mulberry 5650 5700 0.26
mulberry 5700 5750 0.28
mulberry 5750 5800 0.24
mulberry 5800 5850 0.28
mulberry 5850 5900 0.32
mulberry 5900 5950 0.26
mulberry 5950 6000 0.32
mulberry 6000 6050 0.38
mulberry 6050 6100 0.32
mulberry 6100 6150 0.3
mulberry 6150 6200 0.3
mulberry 6200 6250 0.26
mulberry 6250 6300 0.3
mulberry 6300 6350 0.42
mulberry 6350 6400 0.36
mulberry 6400 6450 0.36
mulberry 6450 6500 0.38
mulberry 6500 6550 0.42
mulberry 6550 6600 0.28
mulberry 6600 6650 0.32
mulberry 6650 6700 0.22
mulberry 6700 6750 0.18
mulberry 6750 6800 0.1
mulberry 6800 6850 0.08
mulberry 6850 6900 0.38
mulberry 6900 6950 0.3
mulberry 6950 7000 0.18
mulberry 7000 7050 0.28
mulberry 7050 7100 0.1
mulberry 7100 7150 0.24
mulberry 7150 7200 0.24
mulberry 7200 7250 0.3
mulberry 7250 7300 0.24
mulberry 7300 7350 0.26
mulberry 7350 7400 0.16
mulberry 7400 7450 0.24
mulberry 7450 7500 0.2
mulberry 7500 7550 0.52
mulberry 7550 7600 0.54
mulberry 7600 7650 0.28
mulberry 7650 7700 0.14
mulberry 7700 7750 0.2
mulberry 7750 7800 0.18
mulberry 7800 7850 0.38
mulberry 7850 7900 0.2
mulberry 7900 7950 0.22
mulberry 7950 8000 0.18
mulberry 8000 8050 0.44
mulberry 8050 8100 0.34
mulberry 8100 8150 0.36
mulberry 8150 8200 0.2
mulberry 8200 8250 0.36
mulberry 8250 8300 0.36
mulberry 8300 8350 0.44
mulberry 8350 8400 0.22
mulberry 8400 8450 0.14
mulberry 8450 8500 0.16
mulberry 8500 8550 0.28
mulberry 8550 8600 0.22
mulberry 8600 8650 0.34
mulberry 8650 8700 0.44
mulberry 8700 8750 0.24
mulberry 8750 8800 0.2
mulberry 8800 8850 0.14
mulberry 8850 8900 0.24
mulberry 8900 8950 0.48
mulberry 8950 9000 0.48
mulberry 9000 9050 0.24
mulberry 9050 9100 0.04
mulberry 9100 9150 0.2
mulberry 9150 9200 0.56
mulberry 9200 9250 0.26
mulberry 9250 9300 0.26
mulberry 9300 9350 0.28
mulberry 9350 9400 0.1
mulberry 9400 9450 0.16
mulberry 9450 9500 0.28
mulberry 9500 9550 0.38
mulberry 9550 9600 0.26
mulberry 9600 9650 0.32
mulberry 9650 9700 0.28
mulberry 9700 9750 0.38
mulberry 9750 9800 0.28
mulberry 9800 9850 0.36
mulberry 9850 9900 0.32
mulberry 9900 9950 0.24
mulberry 9950 10000 0.22
mulberry 10000 10050 0.3
mulberry 10050 10100 0.22
mulberry 10100 10150 0.32
mulberry 10150 10200 0.3
mulberry 10200 10250 0.3
mulberry 10250 10300 0.36
mulberry 10300 10350 0.34
mulberry 10350 10400 0.4
mulberry 10400 10450 0.36
mulberry 10450 10500 0.54
mulberry 10500 10550 0.34
mulberry 10550 10600 0.14
mulberry 10600 10650 0.1
mulberry 10650 10700 0.1
mulberry 10700 10750 0.34
mulberry 10750 10800 0.2
mulberry 10800 10850 0.42
mulberry 10850 10900 0.24
mulberry 10900 10950 0.28
mulberry 10950 11000 0.18
mulberry 11000 11050 0.36
mulberry 11050 11100 0.38
mulberry 11100 11150 0.32
mulberry 11150 11200 0.34
mulberry 11200 11250 0.4
mulberry 11250 11300 0.46
mulberry 11300 11350 0.4
mulberry 11350 11400 0.4
mulberry 11400 11450 0.4
mulberry 11450 11500 0.46
mulberry 11500 11550 0.28
mulberry 11550 11600 0.42
mulberry 11600 11650 0.42
mulberry 11650 11700 0.52
mulberry 11700 11750 0.4
mulberry 11750 11800 0.32
mulberry 11800 11850 0.52
mulberry 11850 11900 0.42
mulberry 11900 11950 0.4
mulberry 11950 12000 0.38
mulberry 12000 12050 0.46
mulberry 12050 12100 0.38
mulberry 12100 12150 0.38
mulberry 12150 12200 0.42
mulberry 12200 12250 0.44
mulberry 12250 12300 0.42
mulberry 12300 12350 0.34
mulberry 12350 12400 0.36
mulberry 12400 12450 0.48
mulberry 12450 12500 0.24
mulberry 12500 12550 0.32
mulberry 12550 12600 0.24
mulberry 12600 12650 0.36
mulberry 12650 12700 0.38
mulberry 12700 12750 0.42
mulberry 12750 12800 0.24
mulberry 12800 12850 0.28
mulberry 12850 12900 0.38
mulberry 12900 12950 0.58
mulberry 12950 13000 0.28
mulberry 13000 13050 0.3
mulberry 13050 13100 0.46
mulberry 13100 13150 0.18
mulberry 13150 13200 0.3
mulberry 13200 13250 0.34
mulberry 13250 13300 0.3
mulberry 13300 13350 0.3
mulberry 13350 13400 0.32
mulberry 13400 13450 0.24
mulberry 13450 13500 0.2
mulberry 13500 13550 0.36
mulberry 13550 13600 0.36
mulberry 13600 13650 0.3
mulberry 13650 13700 0.34
mulberry 13700 13750 0.34
mulberry 13750 13800 0.42
mulberry 13800 13850 0.3
mulberry 13850 13900 0.46
mulberry 13900 13950 0.26
mulberry 13950 14000 0.14
mulberry 14000 14050 0.14
mulberry 14050 14100 0.18
mulberry 14100 14150 0.32
mulberry 14150 14200 0.3
mulberry 14200 14250 0.4
mulberry 14250 14300 0.32
mulberry 14300 14350 0.22
mulberry 14350 14400 0.38
mulberry 14400 14450 0.32
mulberry 14450 14500 0.52
mulberry 14500 14550 0.54
mulberry 14550 14600 0.52
mulberry 14600 14650 0.28
mulberry 14650 14700 0.24
mulberry 14700 14750 0.28
mulberry 14750 14800 0.28
mulberry 14800 14850 0.34
mulberry 14850 14900 0.22
mulberry 14900 14950 0.34
mulberry 14950 15000 0.28
mulberry 15000 15050 0.3
mulberry 15050 15100 0.34
mulberry 15100 15150 0.4
mulberry 15150 15200 0.3
mulberry 15200 15250 0.36
mulberry 15250 15300 0.24
mulberry 15300 15350 0.3
mulberry 15350 15400 0.24
mulberry 15400 15450 0.26
mulberry 15450 15500 0.22
mulberry 15500 15550 0.18
mulberry 15550 15600 0.42
mulberry 15600 15650 0.24
mulberry 15650 15700 0.22
mulberry 15700 15750 0.22
mulberry 15750 15800 0.4
mulberry 15800 15850 0.42
mulberry 15850 15900 0.34
mulberry 15900 15950 0.36
mulberry 15950 16000 0.3
mulberry 16000 16050 0.4
mulberry 16050 16100 0.42
mulberry 16100 16150 0.34
mulberry 16150 16200 0.42
mulberry 16200 16250 0.34
mulberry 16250 16300 0.42
mulberry 16300 16350 0.4
mulberry 16350 16400 0.36
mulberry 16400 16450 0.34
mulberry 16450 16500 0.48
mulberry 16500 16550 0.28
mulberry 16550 16600 0.22
mulberry 16600 16650 0.34
mulberry 16650 16700 0.3
mulberry 16700 16750 0.18
mulberry 16750 16800 0.34
mulberry 16800 16850 0.36
mulberry 16850 16900 0.32
mulberry 16900 16950 0.38
mulberry 16950 17000 0.28
mulberry 17000 17050 0.48
mulberry 17050 17100 0.48
mulberry 17100 17150 0.34
mulberry 17150 17200 0.36
mulberry 17200 17250 0.4
mulberry 17250 17300 0.38
mulberry 17300 17350 0.32
mulberry 17350 17400 0.38
mulberry 17400 17450 0.4
mulberry 17450 17500 0.36
mulberry 17500 17550 0.32
mulberry 17550 17600 0.5
mulberry 17600 17650 0.14
mulberry 17650 17700 0.32
mulberry 17700 17750 0.32
mulberry 17750 17800 0.28
mulberry 17800 17850 0.3
mulberry 17850 17900 0.4
mulberry 17900 17950 0.48
mulberry 17950 18000 0.5
mulberry 18000 18050 0.36
mulberry 18050 18100 0.36
mulberry 18100 18150 0.46
mulberry 18150 18200 0.36
mulberry 18200 18250 0.36
mulberry 18250 18300 0.3
mulberry 18300 18350 0.42
mulberry 18350 18400 0.4
mulberry 18400 18450 0.42
mulberry 18450 18500 0.3
mulberry 18500 18550 0.5
mulberry 18550 18600 0.32
mulberry 18600 18650 0.34
mulberry 18650 18700 0.3
mulberry 18700 18750 0.3
mulberry 18750 18800 0.34
mulberry 18800 18850 0.22
mulberry 18850 18900 0.24
mulberry 18900 18950 0.42
mulberry 18950 19000 0.26
mulberry 19000 19050 0.26
mulberry 19050 19100 0.32
mulberry 19100 19150 0.24
mulberry 19150 19200 0.44
mulberry 19200 19250 0.3
mulberry 19250 19300 0.4
mulberry 19300 19350 0.42
mulberry 19350 19400 0.4
mulberry 19400 19450 0.24
mulberry 19450 19500 0.44
mulberry 19500 19550 0.28
mulberry 19550 19600 0.34
mulberry 19600 19650 0.4
mulberry 19650 19700 0.34
mulberry 19700 19750 0.4
mulberry 19750 19800 0.32
mulberry 19800 19850 0.38
mulberry 19850 19900 0.28
mulberry 19900 19950 0.34
mulberry 19950 20000 0.38
mulberry 20000 20050 0.24
mulberry 20050 20100 0.42
mulberry 20100 20150 0.42
mulberry 20150 20200 0.26
mulberry 20200 20250 0.3
mulberry 20250 20300 0.38
mulberry 20300 20350 0.3
mulberry 20350 20400 0.3
mulberry 20400 20450 0.4
mulberry 20450 20500 0.34
mulberry 20500 20550 0.4
mulberry 20550 20600 0.42
mulberry 20600 20650 0.3
mulberry 20650 20700 0.32
mulberry 20700 20750 0.4
mulberry 20750 20800 0.36
mulberry 20800 20850 0.56
mulberry 20850 20900 0.42
mulberry 20900 20950 0.5
mulberry 20950 21000 0.44
mulberry 21000 21050 0.4
mulberry 21050 21100 0.42
mulberry 21100 21150 0.3
mulberry 21150 21200 0.48
mulberry 21200 21250 0.44
mulberry 21250 21300 0.46
mulberry 21300 21350 0.4
mulberry 21350 21400 0.38
mulberry 21400 21450 0.4
mulberry 21450 21500 0.42
mulberry 21500 21550 0.36
mulberry 21550 21600 0.34
mulberry 21600 21650 0.34
mulberry 21650 21700 0.34
mulberry 21700 21750 0.5
mulberry 21750 21800 0.34
mulberry 21800 21850 0.4
mulberry 21850 21900 0.5
mulberry 21900 21950 0.38
mulberry 21950 22000 0.42
mulberry 22000 22050 0.42
mulberry 22050 22100 0.46
mulberry 22100 22150 0.3
mulberry 22150 22200 0.26
mulberry 22200 22250 0.36
mulberry 22250 22300 0.5
mulberry 22300 22350 0.34
mulberry 22350 22400 0.24
mulberry 22400 22450 0.24
mulberry 22450 22500 0.46
mulberry 22500 22550 0.44
mulberry 22550 22600 0.4
mulberry 22600 22650 0.44
mulberry 22650 22700 0.34
mulberry 22700 22750 0.5
mulberry 22750 22800 0.5
mulberry 22800 22850 0.36
mulberry 22850 22900 0.3
mulberry 22900 22950 0.48
mulberry 22950 23000 0.48
mulberry 23000 23050 0.34
mulberry 23050 23100 0.42
mulberry 23100 23150 0.48
mulberry 23150 23200 0.3
mulberry 23200 23250 0.34
mulberry 23250 23300 0.44
mulberry 23300 23350 0.3
mulberry 23350 23400 0.36
mulberry 23400 23450 0.44
mulberry 23450 23500 0.3
mulberry 23500 23550 0.42
mulberry 23550 23600 0.36
mulberry 23600 23650 0.36
mulberry 23650 23700 0.42
mulberry 23700 23750 0.38
mulberry 23750 23800 0.3
mulberry 23800 23850 0.36
mulberry 23850 23900 0.18
mulberry 23900 23950 0.22
mulberry 23950 24000 0.32
mulberry 24000 24050 0.3
mulberry 24050 24100 0.42
mulberry 24100 24150 0.4
mulberry 24150 24200 0.28
mulberry 24200 24250 0.26
mulberry 24250 24300 0.3
mulberry 24300 24350 0.28
mulberry 24350 24400 0.44
mulberry 24400 24450 0.24
mulberry 24450 24500 0.36
mulberry 24500 24550 0.4
mulberry 24550 24600 0.48
mulberry 24600 24650 0.4
mulberry 24650 24700 0.38
mulberry 24700 24750 0.26
mulberry 24750 24800 0.36
mulberry 24800 24850 0.4
mulberry 24850 24900 0.3
mulberry 24900 24950 0.36
mulberry 24950 25000 0.42
mulberry 25000 25050 0.48
mulberry 25050 25100 0.36
mulberry 25100 25150 0.36
mulberry 25150 25200 0.58
mulberry 25200 25250 0.46
mulberry 25250 25300 0.24
mulberry 25300 25350 0.4
mulberry 25350 25400 0.46
mulberry 25400 25450 0.38
mulberry 25450 25500 0.4
mulberry 25500 25550 0.46
mulberry 25550 25600 0.44
mulberry 25600 25650 0.26
mulberry 25650 25700 0.44
mulberry 25700 25750 0.32
mulberry 25750 25800 0.44
mulberry 25800 25850 0.38
mulberry 25850 25900 0.44
mulberry 25900 25950 0.46
mulberry 25950 26000 0.38
mulberry 26000 26050 0.4
mulberry 26050 26100 0.34
mulberry 26100 26150 0.4
mulberry 26150 26200 0.46
mulberry 26200 26250 0.42
mulberry 26250 26300 0.3
mulberry 26300 26350 0.34
mulberry 26350 26400 0.46
mulberry 26400 26450 0.46
mulberry 26450 26500 0.44
mulberry 26500 26550 0.4
mulberry 26550 26600 0.38
mulberry 26600 26650 0.44
mulberry 26650 26700 0.46
mulberry 26700 26750 0.3
mulberry 26750 26800 0.42
mulberry 26800 26850 0.4
mulberry 26850 26900 0.44
mulberry 26900 26950 0.52
mulberry 26950 27000 0.34
mulberry 27000 27050 0.3
mulberry 27050 27100 0.38
mulberry 27100 27150 0.44
mulberry 27150 27200 0.32
mulberry 27200 27250 0.34
mulberry 27250 27300 0.44
mulberry 27300 27350 0.4
mulberry 27350 27400 0.24
mulberry 27400 27450 0.38
mulberry 27450 27500 0.22
mulberry 27500 27550 0.34
mulberry 27550 27600 0.3
mulberry 27600 27650 0.4
mulberry 27650 27700 0.42
mulberry 27700 27750 0.44
mulberry 27750 27800 0.34
mulberry 27800 27850 0.3
mulberry 27850 27900 0.32
mulberry 27900 27950 0.36
mulberry 27950 28000 0.24
mulberry 28000 28050 0.34
mulberry 28050 28100 0.34
mulberry 28100 28150 0.32
mulberry 28150 28200 0.26
mulberry 28200 28250 0.28
mulberry 28250 28300 0.3
mulberry 28300 28350 0.26
mulberry 28350 28400 0.3
mulberry 28400 28450 0.28
mulberry 28450 28500 0.22
mulberry 28500 28550 0.26
mulberry 28550 28600 0.26
mulberry 28600 28650 0.26
mulberry 28650 28700 0.28
mulberry 28700 28750 0.32
mulberry 28750 28800 0.3
mulberry 28800 28850 0.28
mulberry 28850 28900 0.24
mulberry 28900 28950 0.22
mulberry 28950 29000 0.24
mulberry 29000 29050 0.26
mulberry 29050 29100 0.24
mulberry 29100 29150 0.26
mulberry 29150 29200 0.34
mulberry 29200 29250 0.32
mulberry 29250 29300 0.22
mulberry 29300 29350 0.62
mulberry 29350 29400 0.38
mulberry 29400 29450 0.32
mulberry 29450 29500 0.44
mulberry 29500 29550 0.32
mulberry 29550 29600 0.4
mulberry 29600 29650 0.42
mulberry 29650 29700 0.38
mulberry 29700 29750 0.34
mulberry 29750 29800 0.24
mulberry 29800 29850 0.08
mulberry 29850 29900 0.14
mulberry 29900 29950 0.4
mulberry 29950 30000 0.36
mulberry 30000 30050 0.28
mulberry 30050 30100 0.24
mulberry 30100 30150 0.26
mulberry 30150 30200 0.4
mulberry 30200 30250 0.26
mulberry 30250 30300 0.38
mulberry 30300 30350 0.28
mulberry 30350 30400 0.42
mulberry 30400 30450 0.38
mulberry 30450 30500 0.34
mulberry 30500 30550 0.22
mulberry 30550 30600 0.16
mulberry 30600 30650 0.26
mulberry 30650 30700 0.26
mulberry 30700 30750 0.26
mulberry 30750 30800 0.3
mulberry 30800 30850 0.24
mulberry 30850 30900 0.32
mulberry 30900 30950 0.32
mulberry 30950 31000 0.32
mulberry 31000 31050 0.24
mulberry 31050 31100 0.34
mulberry 31100 31150 0.38
mulberry 31150 31200 0.3
mulberry 31200 31250 0.26
mulberry 31250 31300 0.26
mulberry 31300 31350 0.24
mulberry 31350 31400 0.34
mulberry 31400 31450 0.16
mulberry 31450 31500 0.3
mulberry 31500 31550 0.28
mulberry 31550 31600 0.3
mulberry 31600 31650 0.2
mulberry 31650 31700 0.24
mulberry 31700 31750 0.3
mulberry 31750 31800 0.26
mulberry 31800 31850 0.3
mulberry 31850 31900 0.3
mulberry 31900 31950 0.26
mulberry 31950 32000 0.26
mulberry 32000 32050 0.26
mulberry 32050 32100 0.38
mulberry 32100 32150 0.36
mulberry 32150 32200 0.22
mulberry 32200 32250 0.32
mulberry 32250 32300 0.38
mulberry 32300 32350 0.64
mulberry 32350 32400 0.3
mulberry 32400 32450 0.22
mulberry 32450 32500 0.3
mulberry 32500 32550 0.28
mulberry 32550 32600 0.3
mulberry 32600 32650 0.28
mulberry 32650 32700 0.3
mulberry 32700 32750 0.42
mulberry 32750 32800 0.48
mulberry 32800 32850 0.56
mulberry 32850 32900 0.44
mulberry 32900 32950 0.6
mulberry 32950 33000 0.52
mulberry 33000 33050 0.24
mulberry 33050 33100 0.38
mulberry 33100 33150 0.24
mulberry 33150 33200 0.08
mulberry 33200 33250 0.04
mulberry 33250 33300 0.08
mulberry 33300 33350 0.4
mulberry 33350 33400 0.36
mulberry 33400 33450 0.32
mulberry 33450 33500 0.22
mulberry 33500 33550 0.26
mulberry 33550 33600 0.24
mulberry 33600 33650 0.26
mulberry 33650 33700 0.4
mulberry 33700 33750 0.42
mulberry 33750 33800 0.3
mulberry 33800 33850 0.12
mulberry 33850 33900 0.16
mulberry 33900 33950 0.1
mulberry 33950 34000 0.22
mulberry 34000 34050 0.2
mulberry 34050 34100 0.32
mulberry 34100 34150 0.22
mulberry 34150 34200 0.4
mulberry 34200 34250 0.34
mulberry 34250 34300 0.26
mulberry 34300 34350 0.24
mulberry 34350 34400 0.26
mulberry 34400 34450 0.36
mulberry 34450 34500 0.28
mulberry 34500 34550 0.22
mulberry 34550 34600 0.18
mulberry 34600 34650 0.14
mulberry 34650 34700 0.32
mulberry 34700 34750 0.4
mulberry 34750 34800 0.32
mulberry 34800 34850 0.34
mulberry 34850 34900 0.48
mulberry 34900 34950 0.4
mulberry 34950 35000 0.36
mulberry 35000 35050 0.42
mulberry 35050 35100 0.48
mulberry 35100 35150 0.5
mulberry 35150 35200 0.38
mulberry 35200 35250 0.4
mulberry 35250 35300 0.46
mulberry 35300 35350 0.36
mulberry 35350 35400 0.52
mulberry 35400 35450 0.36
mulberry 35450 35500 0.42
mulberry 35500 35550 0.44
mulberry 35550 35600 0.3
mulberry 35600 35650 0.48
mulberry 35650 35700 0.46
mulberry 35700 35750 0.34
mulberry 35750 35800 0.46
mulberry 35800 35850 0.48
mulberry 35850 35900 0.56
mulberry 35900 35950 0.5
mulberry 35950 36000 0.46
mulberry 36000 36050 0.34
mulberry 36050 36100 0.66
mulberry 36100 36150 0.38
mulberry 36150 36200 0.48
mulberry 36200 36250 0.3
mulberry 36250 36300 0.3
mulberry 36300 36350 0.36
mulberry 36350 36400 0.52
mulberry 36400 36450 0.38
mulberry 36450 36500 0.4
mulberry 36500 36550 0.38
mulberry 36550 36600 0.54
mulberry 36600 36650 0.32
mulberry 36650 36700 0.48
mulberry 36700 36750 0.38
mulberry 36750 36800 0.5
mulberry 36800 36850 0.46
mulberry 36850 36900 0.52
mulberry 36900 36950 0.42
mulberry 36950 37000 0.42
mulberry 37000 37050 0.52
mulberry 37050 37100 0.36
mulberry 37100 37150 0.58
mulberry 37150 37200 0.36
mulberry 37200 37250 0.44
mulberry 37250 37300 0.32
mulberry 37300 37350 0.22
mulberry 37350 37400 0.44
mulberry 37400 37450 0.22
mulberry 37450 37500 0.44
mulberry 37500 37550 0.5
mulberry 37550 37600 0.34
mulberry 37600 37650 0.26
mulberry 37650 37700 0.34
mulberry 37700 37750 0.4
mulberry 37750 37800 0.24
mulberry 37800 37850 0.32
mulberry 37850 37900 0.32
mulberry 37900 37950 0.4
mulberry 37950 38000 0.28
mulberry 38000 38050 0.32
mulberry 38050 38100 0.34
mulberry 38100 38150 0.26
mulberry 38150 38200 0.24
mulberry 38200 38250 0.02
mulberry 38250 38300 0.0
mulberry 38300 38350 0.16
mulberry 38350 38400 0.18
mulberry 38400 38450 0.38
mulberry 38450 38500 0.42
mulberry 38500 38550 0.42
mulberry 38550 38600 0.22
mulberry 38600 38650 0.5
mulberry 38650 38700 0.28
mulberry 38700 38750 0.46
mulberry 38750 38800 0.56
mulberry 38800 38850 0.44
mulberry 38850 38900 0.38
mulberry 38900 38950 0.16
mulberry 38950 39000 0.48
mulberry 39000 39050 0.46
mulberry 39050 39100 0.46
mulberry 39100 39150 0.42
mulberry 39150 39200 0.34
mulberry 39200 39250 0.34
mulberry 39250 39300 0.3
mulberry 39300 39350 0.42
mulberry 39350 39400 0.22
mulberry 39400 39450 0.38
mulberry 39450 39500 0.46
mulberry 39500 39550 0.44
mulberry 39550 39600 0.44
mulberry 39600 39650 0.36
mulberry 39650 39700 0.44
mulberry 39700 39750 0.34
mulberry 39750 39800 0.42
mulberry 39800 39850 0.38
mulberry 39850 39900 0.46
mulberry 39900 39950 0.42
mulberry 39950 40000 0.44
mulberry 40000 40050 0.4
mulberry 40050 40100 0.26
mulberry 40100 40150 0.56
mulberry 40150 40200 0.38
mulberry 40200 40250 0.38
mulberry 40250 40300 0.36
mulberry 40300 40350 0.38
mulberry 40350 40400 0.4
mulberry 40400 40450 0.34
mulberry 40450 40500 0.34
mulberry 40500 40550 0.42
mulberry 40550 40600 0.38
mulberry 40600 40650 0.38
mulberry 40650 40700 0.48
mulberry 40700 40750 0.3
mulberry 40750 40800 0.4
mulberry 40800 40850 0.52
mulberry 40850 40900 0.38
mulberry 40900 40950 0.52
mulberry 40950 41000 0.44
mulberry 41000 41050 0.46
mulberry 41050 41100 0.4
mulberry 41100 41150 0.44
mulberry 41150 41200 0.3
mulberry 41200 41250 0.4
mulberry 41250 41300 0.56
mulberry 41300 41350 0.42
mulberry 41350 41400 0.48
mulberry 41400 41450 0.4
mulberry 41450 41500 0.32
mulberry 41500 41550 0.46
mulberry 41550 41600 0.42
mulberry 41600 41650 0.36
mulberry 41650 41700 0.5
mulberry 41700 41750 0.56
mulberry 41750 41800 0.3
mulberry 41800 41850 0.44
mulberry 41850 41900 0.4
mulberry 41900 41950 0.5
mulberry 41950 42000 0.48
mulberry 42000 42050 0.4
mulberry 42050 42100 0.32
mulberry 42100 42150 0.54
mulberry 42150 42200 0.42
mulberry 42200 42250 0.38
mulberry 42250 42300 0.4
mulberry 42300 42350 0.5
mulberry 42350 42400 0.56
mulberry 42400 42450 0.38
mulberry 42450 42500 0.46
mulberry 42500 42550 0.26
mulberry 42550 42600 0.44
mulberry 42600 42650 0.36
mulberry 42650 42700 0.52
mulberry 42700 42750 0.36
mulberry 42750 42800 0.44
mulberry 42800 42850 0.38
mulberry 42850 42900 0.54
mulberry 42900 42950 0.4
mulberry 42950 43000 0.42
mulberry 43000 43050 0.52
mulberry 43050 43100 0.34
mulberry 43100 43150 0.44
mulberry 43150 43200 0.36
mulberry 43200 43250 0.4
mulberry 43250 43300 0.44
mulberry 43300 43350 0.42
mulberry 43350 43400 0.4
mulberry 43400 43450 0.32
mulberry 43450 43500 0.48
mulberry 43500 43550 0.48
mulberry 43550 43600 0.46
mulberry 43600 43650 0.4
mulberry 43650 43700 0.4
mulberry 43700 43750 0.48
mulberry 43750 43800 0.52
mulberry 43800 43850 0.38
mulberry 43850 43900 0.48
mulberry 43900 43950 0.38
mulberry 43950 44000 0.22
mulberry 44000 44050 0.34
mulberry 44050 44100 0.46
mulberry 44100 44150 0.24
mulberry 44150 44200 0.32
mulberry 44200 44250 0.3
mulberry 44250 44300 0.34
mulberry 44300 44350 0.26
mulberry 44350 44400 0.28
mulberry 44400 44450 0.26
mulberry 44450 44500 0.26
mulberry 44500 44550 0.06
mulberry 44550 44600 0.08
mulberry 44600 44650 0.38
mulberry 44650 44700 0.48
mulberry 44700 44750 0.48
mulberry 44750 44800 0.48
mulberry 44800 44850 0.46
mulberry 44850 44900 0.32
mulberry 44900 44950 0.34
mulberry 44950 45000 0.22
mulberry 45000 45050 0.4
mulberry 45050 45100 0.26
mulberry 45100 45150 0.36
mulberry 45150 45200 0.46
mulberry 45200 45250 0.28
mulberry 45250 45300 0.38
mulberry 45300 45350 0.4
mulberry 45350 45400 0.22
mulberry 45400 45450 0.32
mulberry 45450 45500 0.28
mulberry 45500 45550 0.38
mulberry 45550 45600 0.4
mulberry 45600 45650 0.4
mulberry 45650 45700 0.34
mulberry 45700 45750 0.4
mulberry 45750 45800 0.42
mulberry 45800 45850 0.32
mulberry 45850 45900 0.32
mulberry 45900 45950 0.34
mulberry 45950 46000 0.3
mulberry 46000 46050 0.3
mulberry 46050 46100 0.42
mulberry 46100 46150 0.42
mulberry 46150 46200 0.34
mulberry 46200 46250 0.44
mulberry 46250 46300 0.38
mulberry 46300 46350 0.4
mulberry 46350 46400 0.3
mulberry 46400 46450 0.24
mulberry 46450 46500 0.08
mulberry 46500 46550 0.08
mulberry 46550 46600 0.5
mulberry 46600 46650 0.3
mulberry 46650 46700 0.28
mulberry 46700 46750 0.28
mulberry 46750 46800 0.24
mulberry 46800 46850 0.22
mulberry 46850 46900 0.26
mulberry 46900 46950 0.2
mulberry 46950 47000 0.28
mulberry 47000 47050 0.26
mulberry 47050 47100 0.22
mulberry 47100 47150 0.34
mulberry 47150 47200 0.34
mulberry 47200 47250 0.34
mulberry 47250 47300 0.28
mulberry 47300 47350 0.34
mulberry 47350 47400 0.32
mulberry 47400 47450 0.44
mulberry 47450 47500 0.46
mulberry 47500 47550 0.4
mulberry 47550 47600 0.32
mulberry 47600 47650 0.34
mulberry 47650 47700 0.34
mulberry 47700 47750 0.44
mulberry 47750 47800 0.4
mulberry 47800 47850 0.26
mulberry 47850 47900 0.28
mulberry 47900 47950 0.36
mulberry 47950 48000 0.36
mulberry 48000 48050 0.4
mulberry 48050 48100 0.28
mulberry 48100 48150 0.42
mulberry 48150 48200 0.38
mulberry 48200 48250 0.38
mulberry 48250 48300 0.28
mulberry 48300 48350 0.44
mulberry 48350 48400 0.4
mulberry 48400 48450 0.38
mulberry 48450 48500 0.3
mulberry 48500 48550 0.28
mulberry 48550 48600 0.3
mulberry 48600 48650 0.32
mulberry 48650 48700 0.46
mulberry 48700 48750 0.24
mulberry 48750 48800 0.52
mulberry 48800 48850 0.44
mulberry 48850 48900 0.34
mulberry 48900 48950 0.22
mulberry 48950 49000 0.24
mulberry 49000 49050 0.22
mulberry 49050 49100 0.16
mulberry 49100 49150 0.16
mulberry 49150 49200 0.2
mulberry 49200 49250 0.18
mulberry 49250 49300 0.22
mulberry 49300 49350 0.2
mulberry 49350 49400 0.26
mulberry 49400 49450 0.28
mulberry 49450 49500 0.1
mulberry 49500 49550 0.3
mulberry 49550 49600 0.3
mulberry 49600 49650 0.34
mulberry 49650 49700 0.4
mulberry 49700 49750 0.36
mulberry 49750 49800 0.28
mulberry 49800 49850 0.32
mulberry 49850 49900 0.4
mulberry 49900 49950 0.44
mulberry 49950 50000 0.38
mulberry 50000 50050 0.4
mulberry 50050 50100 0.34
mulberry 50100 50150 0.42
mulberry 50150 50200 0.32
mulberry 50200 50250 0.32
mulberry 50250 50300 0.38
mulberry 50300 50350 0.24
mulberry 50350 50400 0.48
mulberry 50400 50450 0.3
mulberry 50450 50500 0.3
mulberry 50500 50550 0.44
mulberry 50550 50600 0.38
mulberry 50600 50650 0.34
mulberry 50650 50700 0.34
mulberry 50700 50750 0.34
mulberry 50750 50800 0.34
mulberry 50800 50850 0.32
mulberry 50850 50900 0.42
mulberry 50900 50950 0.48
mulberry 50950 51000 0.46
mulberry 51000 51050 0.3
mulberry 51050 51100 0.22
mulberry 51100 51150 0.2
mulberry 51150 51200 0.18
mulberry 51200 51250 0.24
mulberry 51250 51300 0.34
mulberry 51300 51350 0.38
mulberry 51350 51400 0.22
mulberry 51400 51450 0.52
mulberry 51450 51500 0.42
mulberry 51500 51550 0.18
mulberry 51550 51600 0.16
mulberry 51600 51650 0.36
mulberry 51650 51700 0.24
mulberry 51700 51750 0.4
mulberry 51750 51800 0.34
mulberry 51800 51850 0.36
mulberry 51850 51900 0.4
mulberry 51900 51950 0.38
mulberry 51950 52000 0.5
mulberry 52000 52050 0.38
mulberry 52050 52100 0.34
mulberry 52100 52150 0.4
mulberry 52150 52200 0.2
mulberry 52200 52250 0.28
mulberry 52250 52300 0.32
mulberry 52300 52350 0.36
mulberry 52350 52400 0.32
mulberry 52400 52450 0.48
mulberry 52450 52500 0.32
mulberry 52500 52550 0.46
mulberry 52550 52600 0.4
mulberry 52600 52650 0.48
mulberry 52650 52700 0.36
mulberry 52700 52750 0.44
mulberry 52750 52800 0.5
mulberry 52800 52850 0.34
mulberry 52850 52900 0.38
mulberry 52900 52950 0.34
mulberry 52950 53000 0.28
mulberry 53000 53050 0.42
mulberry 53050 53100 0.3
mulberry 53100 53150 0.36
mulberry 53150 53200 0.22
mulberry 53200 53250 0.42
mulberry 53250 53300 0.4
mulberry 53300 53350 0.22
mulberry 53350 53400 0.32
mulberry 53400 53450 0.34
mulberry 53450 53500 0.28
mulberry 53500 53550 0.3
mulberry 53550 53600 0.24
mulberry 53600 53650 0.26
mulberry 53650 53700 0.24
mulberry 53700 53750 0.18
mulberry 53750 53800 0.3
mulberry 53800 53850 0.32
mulberry 53850 53900 0.44
mulberry 53900 53950 0.24
mulberry 53950 54000 0.38
mulberry 54000 54050 0.46
mulberry 54050 54100 0.4
mulberry 54100 54150 0.24
mulberry 54150 54200 0.3
mulberry 54200 54250 0.3
mulberry 54250 54300 0.54
mulberry 54300 54350 0.34
mulberry 54350 54400 0.34
mulberry 54400 54450 0.5
mulberry 54450 54500 0.26
mulberry 54500 54550 0.32
mulberry 54550 54600 0.2
mulberry 54600 54650 0.34
mulberry 54650 54700 0.4
mulberry 54700 54750 0.32
mulberry 54750 54800 0.16
mulberry 54800 54850 0.28
mulberry 54850 54900 0.3
mulberry 54900 54950 0.36
mulberry 54950 55000 0.48
mulberry 55000 55050 0.4
mulberry 55050 55100 0.46
mulberry 55100 55150 0.36
mulberry 55150 55200 0.48
mulberry 55200 55250 0.46
mulberry 55250 55300 0.3
mulberry 55300 55350 0.38
mulberry 55350 55400 0.4
mulberry 55400 55450 0.36
mulberry 55450 55500 0.36
mulberry 55500 55550 0.42
mulberry 55550 55600 0.44
mulberry 55600 55650 0.4
mulberry 55650 55700 0.32
mulberry 55700 55750 0.44
mulberry 55750 55800 0.5
mulberry 55800 55850 0.52
mulberry 55850 55900 0.42
mulberry 55900 55950 0.36
mulberry 55950 56000 0.52
mulberry 56000 56050 0.36
mulberry 56050 56100 0.38
mulberry 56100 56150 0.56
mulberry 56150 56200 0.3
mulberry 56200 56250 0.46
mulberry 56250 56300 0.42
mulberry 56300 56350 0.48
mulberry 56350 56400 0.36
mulberry 56400 56450 0.3
mulberry 56450 56500 0.46
mulberry 56500 56550 0.52
mulberry 56550 56600 0.44
mulberry 56600 56650 0.38
mulberry 56650 56700 0.36
mulberry 56700 56750 0.48
mulberry 56750 56800 0.42
mulberry 56800 56850 0.4
mulberry 56850 56900 0.22
mulberry 56900 56950 0.32
mulberry 56950 57000 0.34
mulberry 57000 57050 0.3
mulberry 57050 57100 0.3
mulberry 57100 57150 0.34
mulberry 57150 57200 0.34
mulberry 57200 57250 0.24
mulberry 57250 57300 0.26
mulberry 57300 57350 0.3
mulberry 57350 57400 0.3
mulberry 57400 57450 0.36
mulberry 57450 57500 0.24
mulberry 57500 57550 0.36
mulberry 57550 57600 0.46
mulberry 57600 57650 0.28
mulberry 57650 57700 0.42
mulberry 57700 57750 0.56
mulberry 57750 57800 0.5
mulberry 57800 57850 0.48
mulberry 57850 57900 0.34
mulberry 57900 57950 0.4
mulberry 57950 58000 0.4
mulberry 58000 58050 0.42
mulberry 58050 58100 0.42
mulberry 58100 58150 0.46
mulberry 58150 58200 0.38
mulberry 58200 58250 0.38
mulberry 58250 58300 0.38
mulberry 58300 58350 0.42
mulberry 58350 58400 0.38
mulberry 58400 58450 0.42
mulberry 58450 58500 0.38
mulberry 58500 58550 0.46
mulberry 58550 58600 0.4
mulberry 58600 58650 0.28
mulberry 58650 58700 0.52
mulberry 58700 58750 0.48
mulberry 58750 58800 0.44
mulberry 58800 58850 0.52
mulberry 58850 58900 0.42
mulberry 58900 58950 0.48
mulberry 58950 59000 0.34
mulberry 59000 59050 0.32
mulberry 59050 59100 0.32
mulberry 59100 59150 0.16
mulberry 59150 59200 0.24
mulberry 59200 59250 0.32
mulberry 59250 59300 0.1
mulberry 59300 59350 0.42
mulberry 59350 59400 0.3
mulberry 59400 59450 0.3
mulberry 59450 59500 0.34
mulberry 59500 59550 0.18
mulberry 59550 59600 0.42
mulberry 59600 59650 0.26
mulberry 59650 59700 0.3
mulberry 59700 59750 0.36
mulberry 59750 59800 0.42
mulberry 59800 59850 0.26
mulberry 59850 59900 0.38
mulberry 59900 59950 0.38
mulberry 59950 60000 0.32
mulberry 60000 60050 0.22
mulberry 60050 60100 0.26
mulberry 60100 60150 0.36
mulberry 60150 60200 0.28
mulberry 60200 60250 0.34
mulberry 60250 60300 0.2
mulberry 60300 60350 0.36
mulberry 60350 60400 0.34
mulberry 60400 60450 0.32
mulberry 60450 60500 0.18
mulberry 60500 60550 0.32
mulberry 60550 60600 0.46
mulberry 60600 60650 0.34
mulberry 60650 60700 0.42
mulberry 60700 60750 0.4
mulberry 60750 60800 0.46
mulberry 60800 60850 0.4
mulberry 60850 60900 0.44
mulberry 60900 60950 0.18
mulberry 60950 61000 0.48
mulberry 61000 61050 0.44
mulberry 61050 61100 0.36
mulberry 61100 61150 0.38
mulberry 61150 61200 0.44
mulberry 61200 61250 0.24
mulberry 61250 61300 0.1
mulberry 61300 61350 0.28
mulberry 61350 61400 0.24
mulberry 61400 61450 0.24
mulberry 61450 61500 0.22
mulberry 61500 61550 0.54
mulberry 61550 61600 0.28
mulberry 61600 61650 0.1
mulberry 61650 61700 0.12
mulberry 61700 61750 0.1
mulberry 61750 61800 0.18
mulberry 61800 61850 0.22
mulberry 61850 61900 0.06
mulberry 61900 61950 0.18
mulberry 61950 62000 0.22
mulberry 62000 62050 0.2
mulberry 62050 62100 0.14
mulberry 62100 62150 0.24
mulberry 62150 62200 0.36
mulberry 62200 62250 0.4
mulberry 62250 62300 0.16
mulberry 62300 62350 0.3
mulberry 62350 62400 0.46
mulberry 62400 62450 0.24
mulberry 62450 62500 0.34
mulberry 62500 62550 0.14
mulberry 62550 62600 0.36
mulberry 62600 62650 0.26
mulberry 62650 62700 0.32
mulberry 62700 62750 0.42
mulberry 62750 62800 0.4
mulberry 62800 62850 0.32
mulberry 62850 62900 0.34
mulberry 62900 62950 0.36
mulberry 62950 63000 0.38
mulberry 63000 63050 0.42
mulberry 63050 63100 0.36
mulberry 63100 63150 0.48
mulberry 63150 63200 0.4
mulberry 63200 63250 0.36
mulberry 63250 63300 0.3
mulberry 63300 63350 0.3
mulberry 63350 63400 0.32
mulberry 63400 63450 0.24
mulberry 63450 63500 0.24
mulberry 63500 63550 0.22
mulberry 63550 63600 0.14
mulberry 63600 63650 0.26
mulberry 63650 63700 0.4
mulberry 63700 63750 0.3
mulberry 63750 63800 0.4
mulberry 63800 63850 0.36
mulberry 63850 63900 0.32
mulberry 63900 63950 0.22
mulberry 63950 64000 0.24
mulberry 64000 64050 0.2
mulberry 64050 64100 0.36
mulberry 64100 64150 0.26
mulberry 64150 64200 0.34
mulberry 64200 64250 0.34
mulberry 64250 64300 0.3
mulberry 64300 64350 0.42
mulberry 64350 64400 0.22
mulberry 64400 64450 0.42
mulberry 64450 64500 0.46
mulberry 64500 64550 0.38
mulberry 64550 64600 0.2
mulberry 64600 64650 0.18
mulberry 64650 64700 0.28
mulberry 64700 64750 0.46
mulberry 64750 64800 0.3
mulberry 64800 64850 0.22
mulberry 64850 64900 0.3
mulberry 64900 64950 0.28
mulberry 64950 65000 0.32
mulberry 65000 65050 0.28
mulberry 65050 65100 0.28
mulberry 65100 65150 0.34
mulberry 65150 65200 0.4
mulberry 65200 65250 0.38
mulberry 65250 65300 0.48
mulberry 65300 65350 0.46
mulberry 65350 65400 0.34
mulberry 65400 65450 0.44
mulberry 65450 65500 0.42
mulberry 65500 65550 0.38
mulberry 65550 65600 0.36
mulberry 65600 65650 0.46
mulberry 65650 65700 0.56
mulberry 65700 65750 0.38
mulberry 65750 65800 0.36
mulberry 65800 65850 0.48
mulberry 65850 65900 0.4
mulberry 65900 65950 0.5
mulberry 65950 66000 0.4
mulberry 66000 66050 0.3
mulberry 66050 66100 0.24
mulberry 66100 66150 0.26
mulberry 66150 66200 0.28
mulberry 66200 66250 0.4
mulberry 66250 66300 0.22
mulberry 66300 66350 0.32
mulberry 66350 66400 0.22
mulberry 66400 66450 0.2
mulberry 66450 66500 0.34
mulberry 66500 66550 0.38
mulberry 66550 66600 0.34
mulberry 66600 66650 0.22
mulberry 66650 66700 0.24
mulberry 66700 66750 0.14
mulberry 66750 66800 0.52
mulberry 66800 66850 0.44
mulberry 66850 66900 0.34
mulberry 66900 66950 0.34
mulberry 66950 67000 0.46
mulberry 67000 67050 0.36
mulberry 67050 67100 0.28
mulberry 67100 67150 0.2
mulberry 67150 67200 0.4
mulberry 67200 67250 0.36
mulberry 67250 67300 0.42
mulberry 67300 67350 0.48
mulberry 67350 67400 0.32
mulberry 67400 67450 0.36
mulberry 67450 67500 0.5
mulberry 67500 67550 0.44
mulberry 67550 67600 0.4
mulberry 67600 67650 0.38
mulberry 67650 67700 0.4
mulberry 67700 67750 0.28
mulberry 67750 67800 0.36
mulberry 67800 67850 0.38
mulberry 67850 67900 0.24
mulberry 67900 67950 0.36
mulberry 67950 68000 0.28
mulberry 68000 68050 0.34
mulberry 68050 68100 0.24
mulberry 68100 68150 0.36
mulberry 68150 68200 0.3
mulberry 68200 68250 0.24
mulberry 68250 68300 0.18
mulberry 68300 68350 0.24
mulberry 68350 68400 0.26
mulberry 68400 68450 0.26
mulberry 68450 68500 0.08
mulberry 68500 68550 0.1
mulberry 68550 68600 0.34
mulberry 68600 68650 0.32
mulberry 68650 68700 0.26
mulberry 68700 68750 0.2
mulberry 68750 68800 0.3
mulberry 68800 68850 0.22
mulberry 68850 68900 0.34
mulberry 68900 68950 0.42
mulberry 68950 69000 0.2
mulberry 69000 69050 0.28
mulberry 69050 69100 0.28
mulberry 69100 69150 0.3
mulberry 69150 69200 0.36
mulberry 69200 69250 0.34
mulberry 69250 69300 0.26
mulberry 69300 69350 0.32
mulberry 69350 69400 0.4
mulberry 69400 69450 0.52
mulberry 69450 69500 0.22
mulberry 69500 69550 0.18
mulberry 69550 69600 0.38
mulberry 69600 69650 0.44
mulberry 69650 69700 0.5
mulberry 69700 69750 0.3
mulberry 69750 69800 0.18
mulberry 69800 69850 0.2
mulberry 69850 69900 0.26
mulberry 69900 69950 0.28
mulberry 69950 70000 0.34
mulberry 70000 70050 0.2
mulberry 70050 70100 0.26
mulberry 70100 70150 0.48
mulberry 70150 70200 0.38
mulberry 70200 70250 0.28
mulberry 70250 70300 0.32
mulberry 70300 70350 0.24
mulberry 70350 70400 0.32
mulberry 70400 70450 0.38
mulberry 70450 70500 0.2
mulberry 70500 70550 0.14
mulberry 70550 70600 0.32
mulberry 70600 70650 0.3
mulberry 70650 70700 0.38
mulberry 70700 70750 0.4
mulberry 70750 70800 0.42
mulberry 70800 70850 0.34
mulberry 70850 70900 0.4
mulberry 70900 70950 0.56
mulberry 70950 71000 0.14
mulberry 71000 71050 0.26
mulberry 71050 71100 0.36
mulberry 71100 71150 0.42
mulberry 71150 71200 0.32
mulberry 71200 71250 0.34
mulberry 71250 71300 0.26
mulberry 71300 71350 0.36
mulberry 71350 71400 0.34
mulberry 71400 71450 0.28
mulberry 71450 71500 0.22
mulberry 71500 71550 0.28
mulberry 71550 71600 0.26
mulberry 71600 71650 0.32
mulberry 71650 71700 0.24
mulberry 71700 71750 0.26
mulberry 71750 71800 0.32
mulberry 71800 71850 0.42
mulberry 71850 71900 0.44
mulberry 71900 71950 0.38
mulberry 71950 72000 0.34
mulberry 72000 72050 0.26
mulberry 72050 72100 0.28
mulberry 72100 72150 0.28
mulberry 72150 72200 0.32
mulberry 72200 72250 0.32
mulberry 72250 72300 0.16
mulberry 72300 72350 0.46
mulberry 72350 72400 0.38
mulberry 72400 72450 0.38
mulberry 72450 72500 0.36
mulberry 72500 72550 0.46
mulberry 72550 72600 0.36
mulberry 72600 72650 0.32
mulberry 72650 72700 0.32
mulberry 72700 72750 0.26
mulberry 72750 72800 0.34
mulberry 72800 72850 0.44
mulberry 72850 72900 0.56
mulberry 72900 72950 0.32
mulberry 72950 73000 0.34
mulberry 73000 73050 0.18
mulberry 73050 73100 0.2
mulberry 73100 73150 0.5
mulberry 73150 73200 0.34
mulberry 73200 73250 0.48
mulberry 73250 73300 0.44
mulberry 73300 73350 0.3
mulberry 73350 73400 0.28
mulberry 73400 73450 0.34
mulberry 73450 73500 0.32
mulberry 73500 73550 0.18
mulberry 73550 73600 0.38
mulberry 73600 73650 0.28
mulberry 73650 73700 0.18
mulberry 73700 73750 0.08
mulberry 73750 73800 0.4
mulberry 73800 73850 0.28
mulberry 73850 73900 0.26
mulberry 73900 73950 0.34
mulberry 73950 74000 0.32
mulberry 74000 74050 0.42
mulberry 74050 74100 0.48
mulberry 74100 74150 0.4
mulberry 74150 74200 0.32
mulberry 74200 74250 0.38
mulberry 74250 74300 0.3
mulberry 74300 74350 0.42
mulberry 74350 74400 0.24
mulberry 74400 74450 0.38
mulberry 74450 74500 0.2
mulberry 74500 74550 0.2
mulberry 74550 74600 0.34
mulberry 74600 74650 0.3
mulberry 74650 74700 0.34
mulberry 74700 74750 0.28
mulberry 74750 74800 0.28
mulberry 74800 74850 0.22
mulberry 74850 74900 0.1
mulberry 74900 74950 0.2
mulberry 74950 75000 0.3
mulberry 75000 75050 0.2
mulberry 75050 75100 0.34
mulberry 75100 75150 0.36
mulberry 75150 75200 0.4
mulberry 75200 75250 0.52
mulberry 75250 75300 0.32
mulberry 75300 75350 0.3
mulberry 75350 75400 0.16
mulberry 75400 75450 0.26
mulberry 75450 75500 0.3
mulberry 75500 75550 0.42
mulberry 75550 75600 0.26
mulberry 75600 75650 0.34
mulberry 75650 75700 0.22
mulberry 75700 75750 0.36
mulberry 75750 75800 0.48
mulberry 75800 75850 0.5
mulberry 75850 75900 0.42
mulberry 75900 75950 0.4
mulberry 75950 76000 0.54
mulberry 76000 76050 0.46
mulberry 76050 76100 0.4
mulberry 76100 76150 0.44
mulberry 76150 76200 0.42
mulberry 76200 76250 0.44
mulberry 76250 76300 0.5
mulberry 76300 76350 0.46
mulberry 76350 76400 0.56
mulberry 76400 76450 0.38
mulberry 76450 76500 0.44
mulberry 76500 76550 0.5
mulberry 76550 76600 0.36
mulberry 76600 76650 0.38
mulberry 76650 76700 0.38
mulberry 76700 76750 0.46
mulberry 76750 76800 0.42
mulberry 76800 76850 0.42
mulberry 76850 76900 0.44
mulberry 76900 76950 0.44
mulberry 76950 77000 0.38
mulberry 77000 77050 0.38
mulberry 77050 77100 0.46
mulberry 77100 77150 0.46
mulberry 77150 77200 0.48
mulberry 77200 77250 0.38
mulberry 77250 77300 0.24
mulberry 77300 77350 0.32
mulberry 77350 77400 0.42
mulberry 77400 77450 0.36
mulberry 77450 77500 0.32
mulberry 77500 77550 0.32
mulberry 77550 77600 0.3
mulberry 77600 77650 0.46
mulberry 77650 77700 0.42
mulberry 77700 77750 0.38
mulberry 77750 77800 0.26
mulberry 77800 77850 0.32
mulberry 77850 77900 0.44
mulberry 77900 77950 0.32
mulberry 77950 78000 0.52
mulberry 78000 78050 0.22
mulberry 78050 78100 0.34
mulberry 78100 78150 0.28
mulberry 78150 78200 0.36
mulberry 78200 78250 0.36
mulberry 78250 78300 0.42
mulberry 78300 78350 0.28
mulberry 78350 78400 0.38
mulberry 78400 78450 0.2
mulberry 78450 78500 0.26
mulberry 78500 78550 0.24
mulberry 78550 78600 0.32
mulberry 78600 78650 0.36
mulberry 78650 78700 0.28
mulberry 78700 78750 0.18
mulberry 78750 78800 0.42
mulberry 78800 78850 0.3
mulberry 78850 78900 0.34
mulberry 78900 78950 0.38
mulberry 78950 79000 0.46
mulberry 79000 79050 0.36
mulberry 79050 79100 0.32
mulberry 79100 79150 0.34
mulberry 79150 79200 0.46
mulberry 79200 79250 0.3
mulberry 79250 79300 0.42
mulberry 79300 79350 0.42
mulberry 79350 79400 0.44
mulberry 79400 79450 0.38
mulberry 79450 79500 0.48
mulberry 79500 79550 0.44
mulberry 79550 79600 0.3
mulberry 79600 79650 0.36
mulberry 79650 79700 0.26
mulberry 79700 79750 0.24
mulberry 79750 79800 0.24
mulberry 79800 79850 0.34
mulberry 79850 79900 0.44
mulberry 79900 79950 0.36
mulberry 79950 80000 0.44
mulberry 80000 80050 0.4
mulberry 80050 80100 0.3
mulberry 80100 80150 0.2
mulberry 80150 80200 0.3
mulberry 80200 80250 0.28
mulberry 80250 80300 0.38
mulberry 80300 80350 0.4
mulberry 80350 80400 0.3
mulberry 80400 80450 0.28
mulberry 80450 80500 0.22
mulberry 80500 80550 0.46
mulberry 80550 80600 0.36
mulberry 80600 80650 0.38
mulberry 80650 80700 0.42
mulberry 80700 80750 0.32
mulberry 80750 80800 0.46
mulberry 80800 80850 0.34
mulberry 80850 80900 0.36
mulberry 80900 80950 0.3
mulberry 80950 81000 0.54
mulberry 81000 81050 0.4
mulberry 81050 81100 0.16
mulberry 81100 81150 0.28
mulberry 81150 81200 0.24
mulberry 81200 81250 0.3
mulberry 81250 81300 0.24
mulberry 81300 81350 0.28
mulberry 81350 81400 0.36
mulberry 81400 81450 0.24
mulberry 81450 81500 0.34
mulberry 81500 81550 0.34
mulberry 81550 81600 0.36
mulberry 81600 81650 0.28
mulberry 81650 81700 0.34
mulberry 81700 81750 0.32
mulberry 81750 81800 0.36
mulberry 81800 81850 0.3
mulberry 81850 81900 0.46
mulberry 81900 81950 0.4
mulberry 81950 82000 0.28
mulberry 82000 82050 0.38
mulberry 82050 82100 0.44
mulberry 82100 82150 0.44
mulberry 82150 82200 0.48
mulberry 82200 82250 0.3
mulberry 82250 82300 0.2
mulberry 82300 82350 0.48
mulberry 82350 82400 0.38
mulberry 82400 82450 0.52
mulberry 82450 82500 0.5
mulberry 82500 82550 0.58
mulberry 82550 82600 0.42
mulberry 82600 82650 0.34
mulberry 82650 82700 0.4
mulberry 82700 82750 0.3
mulberry 82750 82800 0.2
mulberry 82800 82850 0.46
mulberry 82850 82900 0.28
mulberry 82900 82950 0.4
mulberry 82950 83000 0.36
mulberry 83000 83050 0.18
mulberry 83050 83100 0.3
mulberry 83100 83150 0.32
mulberry 83150 83200 0.38
mulberry 83200 83250 0.32
mulberry 83250 83300 0.24
mulberry 83300 83350 0.48
mulberry 83350 83400 0.4
mulberry 83400 83450 0.42
mulberry 83450 83500 0.3
mulberry 83500 83550 0.32
mulberry 83550 83600 0.28
mulberry 83600 83650 0.28
mulberry 83650 83700 0.3
mulberry 83700 83750 0.28
mulberry 83750 83800 0.22
mulberry 83800 83850 0.18
mulberry 83850 83900 0.28
mulberry 83900 83950 0.34
mulberry 83950 84000 0.34
mulberry 84000 84050 0.4
mulberry 84050 84100 0.38
mulberry 84100 84150 0.4
mulberry 84150 84200 0.36
mulberry 84200 84250 0.4
mulberry 84250 84300 0.32
mulberry 84300 84350 0.2
mulberry 84350 84400 0.32
mulberry 84400 84450 0.38
mulberry 84450 84500 0.34
mulberry 84500 84550 0.44
mulberry 84550 84600 0.38
mulberry 84600 84650 0.54
mulberry 84650 84700 0.5
mulberry 84700 84750 0.38
mulberry 84750 84800 0.42
mulberry 84800 84850 0.38
mulberry 84850 84900 0.36
mulberry 84900 84950 0.2
mulberry 84950 85000 0.18
mulberry 85000 85050 0.16
mulberry 85050 85100 0.22
mulberry 85100 85150 0.3
mulberry 85150 85200 0.26
mulberry 85200 85250 0.44
mulberry 85250 85300 0.4
mulberry 85300 85350 0.48
mulberry 85350 85400 0.34
mulberry 85400 85450 0.28
mulberry 85450 85500 0.26
mulberry 85500 85550 0.2
mulberry 85550 85600 0.3
mulberry 85600 85650 0.3
mulberry 85650 85700 0.32
mulberry 85700 85750 0.36
mulberry 85750 85800 0.36
mulberry 85800 85850 0.2
mulberry 85850 85900 0.18
mulberry 85900 85950 0.32
mulberry 85950 86000 0.32
mulberry 86000 86050 0.32
mulberry 86050 86100 0.46
mulberry 86100 86150 0.44
mulberry 86150 86200 0.34
mulberry 86200 86250 0.34
mulberry 86250 86300 0.34
mulberry 86300 86350 0.24
mulberry 86350 86400 0.3
mulberry 86400 86450 0.3
mulberry 86450 86500 0.18
mulberry 86500 86550 0.36
mulberry 86550 86600 0.42
mulberry 86600 86650 0.38
mulberry 86650 86700 0.12
mulberry 86700 86750 0.16
mulberry 86750 86800 0.34
mulberry 86800 86850 0.42
mulberry 86850 86900 0.36
mulberry 86900 86950 0.36
mulberry 86950 87000 0.36
mulberry 87000 87050 0.4
mulberry 87050 87100 0.38
mulberry 87100 87150 0.3
mulberry 87150 87200 0.08
mulberry 87200 87250 0.18
mulberry 87250 87300 0.42
mulberry 87300 87350 0.36
mulberry 87350 87400 0.48
mulberry 87400 87450 0.22
mulberry 87450 87500 0.28
mulberry 87500 87550 0.22
mulberry 87550 87600 0.32
mulberry 87600 87650 0.44
mulberry 87650 87700 0.56
mulberry 87700 87750 0.48
mulberry 87750 87800 0.46
mulberry 87800 87850 0.5
mulberry 87850 87900 0.44
mulberry 87900 87950 0.5
mulberry 87950 88000 0.44
mulberry 88000 88050 0.38
mulberry 88050 88100 0.38
mulberry 88100 88150 0.2
mulberry 88150 88200 0.38
mulberry 88200 88250 0.44
mulberry 88250 88300 0.4
mulberry 88300 88350 0.46
mulberry 88350 88400 0.42
mulberry 88400 88450 0.48
mulberry 88450 88500 0.34
mulberry 88500 88550 0.38
mulberry 88550 88600 0.38
mulberry 88600 88650 0.4
mulberry 88650 88700 0.42
mulberry 88700 88750 0.34
mulberry 88750 88800 0.42
mulberry 88800 88850 0.32
mulberry 88850 88900 0.36
mulberry 88900 88950 0.52
mulberry 88950 89000 0.4
mulberry 89000 89050 0.54
mulberry 89050 89100 0.26
mulberry 89100 89150 0.34
mulberry 89150 89200 0.42
mulberry 89200 89250 0.44
mulberry 89250 89300 0.4
mulberry 89300 89350 0.3
mulberry 89350 89400 0.32
mulberry 89400 89450 0.28
mulberry 89450 89500 0.38
mulberry 89500 89550 0.46
mulberry 89550 89600 0.44
mulberry 89600 89650 0.46
mulberry 89650 89700 0.3
mulberry 89700 89750 0.32
mulberry 89750 89800 0.36
mulberry 89800 89850 0.28
mulberry 89850 89900 0.42
mulberry 89900 89950 0.38
mulberry 89950 90000 0.32
mulberry 90000 90050 0.32
mulberry 90050 90100 0.38
mulberry 90100 90150 0.36
mulberry 90150 90200 0.46
mulberry 90200 90250 0.46
mulberry 90250 90300 0.4
mulberry 90300 90350 0.34
mulberry 90350 90400 0.4
mulberry 90400 90450 0.42
mulberry 90450 90500 0.38
mulberry 90500 90550 0.36
mulberry 90550 90600 0.36
mulberry 90600 90650 0.38
mulberry 90650 90700 0.38
mulberry 90700 90750 0.48
mulberry 90750 90800 0.36
mulberry 90800 90850 0.34
mulberry 90850 90900 0.36
mulberry 90900 90950 0.36
mulberry 90950 91000 0.32
mulberry 91000 91050 0.4
mulberry 91050 91100 0.46
mulberry 91100 91150 0.44
mulberry 91150 91200 0.34
mulberry 91200 91250 0.5
mulberry 91250 91300 0.3
mulberry 91300 91350 0.32
mulberry 91350 91400 0.36
mulberry 91400 91450 0.38
mulberry 91450 91500 0.26
mulberry 91500 91550 0.5
mulberry 91550 91600 0.4
mulberry 91600 91650 0.38
mulberry 91650 91700 0.34
mulberry 91700 91750 0.26
mulberry 91750 91800 0.46
mulberry 91800 91850 0.32
mulberry 91850 91900 0.36
mulberry 91900 91950 0.32
mulberry 91950 92000 0.38
mulberry 92000 92050 0.28
mulberry 92050 92100 0.28
mulberry 92100 92150 0.4
mulberry 92150 92200 0.36
mulberry 92200 92250 0.42
mulberry 92250 92300 0.28
mulberry 92300 92350 0.34
mulberry 92350 92400 0.32
mulberry 92400 92450 0.42
mulberry 92450 92500 0.38
mulberry 92500 92550 0.3
mulberry 92550 92600 0.32
mulberry 92600 92650 0.34
mulberry 92650 92700 0.34
mulberry 92700 92750 0.44
mulberry 92750 92800 0.28
mulberry 92800 92850 0.34
mulberry 92850 92900 0.32
mulberry 92900 92950 0.34
mulberry 92950 93000 0.38
mulberry 93000 93050 0.32
mulberry 93050 93100 0.36
mulberry 93100 93150 0.44
mulberry 93150 93200 0.28
mulberry 93200 93250 0.36
mulberry 93250 93300 0.38
mulberry 93300 93350 0.4
mulberry 93350 93400 0.38
mulberry 93400 93450 0.36
mulberry 93450 93500 0.28
mulberry 93500 93550 0.3
mulberry 93550 93600 0.34
mulberry 93600 93650 0.32
mulberry 93650 93700 0.34
mulberry 93700 93750 0.44
mulberry 93750 93800 0.38
mulberry 93800 93850 0.4
mulberry 93850 93900 0.38
mulberry 93900 93950 0.36
mulberry 93950 94000 0.44
mulberry 94000 94050 0.52
mulberry 94050 94100 0.26
mulberry 94100 94150 0.36
mulberry 94150 94200 0.28
mulberry 94200 94250 0.38
mulberry 94250 94300 0.36
mulberry 94300 94350 0.36
mulberry 94350 94400 0.32
mulberry 94400 94450 0.34
mulberry 94450 94500 0.32
mulberry 94500 94550 0.42
mulberry 94550 94600 0.44
mulberry 94600 94650 0.42
mulberry 94650 94700 0.38
mulberry 94700 94750 0.36
mulberry 94750 94800 0.42
mulberry 94800 94850 0.42
mulberry 94850 94900 0.4
mulberry 94900 94950 0.38
mulberry 94950 95000 0.4
mulberry 95000 95050 0.36
mulberry 95050 95100 0.36
mulberry 95100 95150 0.38
mulberry 95150 95200 0.34
mulberry 95200 95250 0.42
mulberry 95250 95300 0.4
mulberry 95300 95350 0.3
mulberry 95350 95400 0.44
mulberry 95400 95450 0.4
mulberry 95450 95500 0.32
mulberry 95500 95550 0.34
mulberry 95550 95600 0.44
mulberry 95600 95650 0.42
mulberry 95650 95700 0.38
mulberry 95700 95750 0.54
mulberry 95750 95800 0.5
mulberry 95800 95850 0.32
mulberry 95850 95900 0.46
mulberry 95900 95950 0.46
mulberry 95950 96000 0.46
mulberry 96000 96050 0.52
mulberry 96050 96100 0.4
mulberry 96100 96150 0.48
mulberry 96150 96200 0.38
mulberry 96200 96250 0.4
mulberry 96250 96300 0.42
mulberry 96300 96350 0.3
mulberry 96350 96400 0.38
mulberry 96400 96450 0.32
mulberry 96450 96500 0.36
mulberry 96500 96550 0.4
mulberry 96550 96600 0.26
mulberry 96600 96650 0.42
mulberry 96650 96700 0.38
mulberry 96700 96750 0.48
mulberry 96750 96800 0.5
mulberry 96800 96850 0.48
mulberry 96850 96900 0.56
mulberry 96900 96950 0.46
mulberry 96950 97000 0.38
mulberry 97000 97050 0.56
mulberry 97050 97100 0.44
mulberry 97100 97150 0.34
mulberry 97150 97200 0.5
mulberry 97200 97250 0.42
mulberry 97250 97300 0.34
mulberry 97300 97350 0.42
mulberry 97350 97400 0.34
mulberry 97400 97450 0.34
mulberry 97450 97500 0.38
mulberry 97500 97550 0.44
mulberry 97550 97600 0.34
mulberry 97600 97650 0.4
mulberry 97650 97700 0.3
mulberry 97700 97750 0.44
mulberry 97750 97800 0.36
mulberry 97800 97850 0.36
mulberry 97850 97900 0.34
mulberry 97900 97950 0.36
mulberry 97950 98000 0.26
mulberry 98000 98050 0.4
mulberry 98050 98100 0.44
mulberry 98100 98150 0.48
mulberry 98150 98200 0.32
mulberry 98200 98250 0.4
mulberry 98250 98300 0.38
mulberry 98300 98350 0.32
mulberry 98350 98400 0.36
mulberry 98400 98450 0.4
mulberry 98450 98500 0.36
mulberry 98500 98550 0.44
mulberry 98550 98600 0.4
mulberry 98600 98650 0.44
mulberry 98650 98700 0.36
mulberry 98700 98750 0.34
mulberry 98750 98800 0.34
mulberry 98800 98850 0.42
mulberry 98850 98900 0.38
mulberry 98900 98950 0.48
mulberry 98950 99000 0.34
mulberry 99000 99050 0.4
mulberry 99050 99100 0.38
mulberry 99100 99150 0.38
mulberry 99150 99200 0.38
mulberry 99200 99250 0.42
mulberry 99250 99300 0.52
mulberry 99300 99350 0.38
mulberry 99350 99400 0.42
mulberry 99400 99450 0.44
mulberry 99450 99500 0.44
mulberry 99500 99550 0.36
mulberry 99550 99600 0.32
mulberry 99600 99650 0.36
mulberry 99650 99700 0.34
mulberry 99700 99750 0.24
mulberry 99750 99800 0.46
mulberry 99800 99850 0.3
mulberry 99850 99900 0.34
mulberry 99900 99950 0.34
mulberry 99950 100000 0.32
mulberry 100000 100050 0.4
mulberry 100050 100100 0.34
mulberry 100100 100150 0.3
mulberry 100150 100200 0.4
mulberry 100200 100250 0.32
mulberry 100250 100300 0.34
mulberry 100300 100350 0.36
mulberry 100350 100400 0.46
mulberry 100400 100450 0.46
mulberry 100450 100500 0.46
mulberry 100500 100550 0.46
mulberry 100550 100600 0.46
mulberry 100600 100650 0.38
mulberry 100650 100700 0.3
mulberry 100700 100750 0.34
mulberry 100750 100800 0.4
mulberry 100800 100850 0.38
mulberry 100850 100900 0.36
mulberry 100900 100950 0.38
mulberry 100950 101000 0.38
mulberry 101000 101050 0.4
mulberry 101050 101100 0.38
mulberry 101100 101150 0.38
mulberry 101150 101200 0.38
mulberry 101200 101250 0.32
mulberry 101250 101300 0.3
mulberry 101300 101350 0.5
mulberry 101350 101400 0.36
mulberry 101400 101450 0.44
mulberry 101450 101500 0.5
mulberry 101500 101550 0.38
mulberry 101550 101600 0.38
mulberry 101600 101650 0.46
mulberry 101650 101700 0.46
mulberry 101700 101750 0.38
mulberry 101750 101800 0.46
mulberry 101800 101850 0.4
mulberry 101850 101900 0.24
mulberry 101900 101950 0.28
mulberry 101950 102000 0.36
mulberry 102000 102050 0.32
mulberry 102050 102100 0.4
mulberry 102100 102150 0.32
mulberry 102150 102200 0.4
mulberry 102200 102250 0.5
mulberry 102250 102300 0.42
mulberry 102300 102350 0.46
mulberry 102350 102400 0.48
mulberry 102400 102450 0.34
mulberry 102450 102500 0.4
mulberry 102500 102550 0.5
mulberry 102550 102600 0.56
mulberry 102600 102650 0.36
mulberry 102650 102700 0.48
mulberry 102700 102750 0.42
mulberry 102750 102800 0.3
mulberry 102800 102850 0.28
mulberry 102850 102900 0.48
mulberry 102900 102950 0.36
mulberry 102950 103000 0.42
mulberry 103000 103050 0.36
mulberry 103050 103100 0.42
mulberry 103100 103150 0.4
mulberry 103150 103200 0.42
mulberry 103200 103250 0.32
mulberry 103250 103300 0.52
mulberry 103300 103350 0.46
mulberry 103350 103400 0.48
mulberry 103400 103450 0.36
mulberry 103450 103500 0.56
mulberry 103500 103550 0.54
mulberry 103550 103600 0.4
mulberry 103600 103650 0.42
mulberry 103650 103700 0.54
mulberry 103700 103750 0.58
mulberry 103750 103800 0.6
mulberry 103800 103850 0.62
mulberry 103850 103900 0.48
mulberry 103900 103950 0.6
mulberry 103950 104000 0.58
mulberry 104000 104050 0.64
mulberry 104050 104100 0.48
mulberry 104100 104150 0.54
mulberry 104150 104200 0.52
mulberry 104200 104250 0.58
mulberry 104250 104300 0.56
mulberry 104300 104350 0.58
mulberry 104350 104400 0.52
mulberry 104400 104450 0.56
mulberry 104450 104500 0.52
mulberry 104500 104550 0.58
mulberry 104550 104600 0.48
mulberry 104600 104650 0.6
mulberry 104650 104700 0.58
mulberry 104700 104750 0.56
mulberry 104750 104800 0.54
mulberry 104800 104850 0.62
mulberry 104850 104900 0.6
mulberry 104900 104950 0.54
mulberry 104950 105000 0.64
mulberry 105000 105050 0.56
mulberry 105050 105100 0.58
mulberry 105100 105150 0.56
mulberry 105150 105200 0.42
mulberry 105200 105250 0.44
mulberry 105250 105300 0.42
mulberry 105300 105350 0.58
mulberry 105350 105400 0.52
mulberry 105400 105450 0.7
mulberry 105450 105500 0.62
mulberry 105500 105550 0.52
mulberry 105550 105600 0.52
mulberry 105600 105650 0.5
mulberry 105650 105700 0.5
mulberry 105700 105750 0.6
mulberry 105750 105800 0.46
mulberry 105800 105850 0.4
mulberry 105850 105900 0.54
mulberry 105900 105950 0.46
mulberry 105950 106000 0.36
mulberry 106000 106050 0.52
mulberry 106050 106100 0.46
mulberry 106100 106150 0.48
mulberry 106150 106200 0.48
mulberry 106200 106250 0.44
mulberry 106250 106300 0.48
mulberry 106300 106350 0.54
mulberry 106350 106400 0.48
mulberry 106400 106450 0.54
mulberry 106450 106500 0.4
mulberry 106500 106550 0.58
mulberry 106550 106600 0.5
mulberry 106600 106650 0.42
mulberry 106650 106700 0.46
mulberry 106700 106750 0.48
mulberry 106750 106800 0.6
mulberry 106800 106850 0.56
mulberry 106850 106900 0.5
mulberry 106900 106950 0.56
mulberry 106950 107000 0.66
mulberry 107000 107050 0.48
mulberry 107050 107100 0.44
mulberry 107100 107150 0.52
mulberry 107150 107200 0.46
mulberry 107200 107250 0.42
mulberry 107250 107300 0.46
mulberry 107300 107350 0.58
mulberry 107350 107400 0.54
mulberry 107400 107450 0.4
mulberry 107450 107500 0.36
mulberry 107500 107550 0.5
mulberry 107550 107600 0.54
mulberry 107600 107650 0.48
mulberry 107650 107700 0.52
mulberry 107700 107750 0.48
mulberry 107750 107800 0.56
mulberry 107800 107850 0.54
mulberry 107850 107900 0.64
mulberry 107900 107950 0.5
mulberry 107950 108000 0.52
mulberry 108000 108050 0.52
mulberry 108050 108100 0.52
mulberry 108100 108150 0.64
mulberry 108150 108200 0.6
mulberry 108200 108250 0.5
mulberry 108250 108300 0.52
mulberry 108300 108350 0.48
mulberry 108350 108400 0.58
mulberry 108400 108450 0.62
mulberry 108450 108500 0.36
mulberry 108500 108550 0.58
mulberry 108550 108600 0.58
mulberry 108600 108650 0.56
mulberry 108650 108700 0.56
mulberry 108700 108750 0.5
mulberry 108750 108800 0.68
mulberry 108800 108850 0.5
mulberry 108850 108900 0.52
mulberry 108900 108950 0.6
mulberry 108950 109000 0.54
mulberry 109000 109050 0.54
mulberry 109050 109100 0.46
mulberry 109100 109150 0.6
mulberry 109150 109200 0.48
mulberry 109200 109250 0.54
mulberry 109250 109300 0.58
mulberry 109300 109350 0.58
mulberry 109350 109400 0.6
mulberry 109400 109450 0.64
mulberry 109450 109500 0.56
mulberry 109500 109550 0.58
mulberry 109550 109600 0.52
mulberry 109600 109650 0.52
mulberry 109650 109700 0.56
mulberry 109700 109750 0.64
mulberry 109750 109800 0.52
mulberry 109800 109850 0.56
mulberry 109850 109900 0.58
mulberry 109900 109950 0.64
mulberry 109950 110000 0.58
mulberry 110000 110050 0.52
mulberry 110050 110100 0.58
mulberry 110100 110150 0.56
mulberry 110150 110200 0.56
mulberry 110200 110250 0.58
mulberry 110250 110300 0.58
mulberry 110300 110350 0.48
mulberry 110350 110400 0.6
mulberry 110400 110450 0.5
mulberry 110450 110500 0.5
mulberry 110500 110550 0.52
mulberry 110550 110600 0.5
mulberry 110600 110650 0.32
mulberry 110650 110700 0.56
mulberry 110700 110750 0.5
mulberry 110750 110800 0.46
mulberry 110800 110850 0.48
mulberry 110850 110900 0.58
mulberry 110900 110950 0.26
mulberry 110950 111000 0.28
mulberry 111000 111050 0.56
mulberry 111050 111100 0.42
mulberry 111100 111150 0.5
mulberry 111150 111200 0.6
mulberry 111200 111250 0.64
mulberry 111250 111300 0.52
mulberry 111300 111350 0.5
mulberry 111350 111400 0.28
mulberry 111400 111450 0.46
mulberry 111450 111500 0.46
mulberry 111500 111550 0.5
mulberry 111550 111600 0.44
mulberry 111600 111650 0.34
mulberry 111650 111700 0.52
mulberry 111700 111750 0.38
mulberry 111750 111800 0.4
mulberry 111800 111850 0.4
mulberry 111850 111900 0.54
mulberry 111900 111950 0.42
mulberry 111950 112000 0.46
mulberry 112000 112050 0.44
mulberry 112050 112100 0.38
mulberry 112100 112150 0.28
mulberry 112150 112200 0.22
mulberry 112200 112250 0.3
mulberry 112250 112300 0.4
mulberry 112300 112350 0.42
mulberry 112350 112400 0.48
mulberry 112400 112450 0.42
mulberry 112450 112500 0.42
mulberry 112500 112550 0.38
mulberry 112550 112600 0.28
mulberry 112600 112650 0.28
mulberry 112650 112700 0.26
mulberry 112700 112750 0.34
mulberry 112750 112800 0.34
mulberry 112800 112850 0.26
mulberry 112850 112900 0.26
mulberry 112900 112950 0.36
mulberry 112950 113000 0.42
mulberry 113000 113050 0.48
mulberry 113050 113100 0.42
mulberry 113100 113150 0.24
mulberry 113150 113200 0.32
mulberry 113200 113250 0.22
mulberry 113250 113300 0.32
mulberry 113300 113350 0.42
mulberry 113350 113400 0.22
mulberry 113400 113450 0.24
mulberry 113450 113500 0.26
mulberry 113500 113550 0.16
mulberry 113550 113600 0.3
mulberry 113600 113650 0.32
mulberry 113650 113700 0.26
mulberry 113700 113750 0.22
mulberry 113750 113800 0.32
mulberry 113800 113850 0.36
mulberry 113850 113900 0.34
mulberry 113900 113950 0.16
mulberry 113950 114000 0.16
mulberry 114000 114050 0.36
mulberry 114050 114100 0.26
mulberry 114100 114150 0.36
mulberry 114150 114200 0.26
mulberry 114200 114250 0.4
mulberry 114250 114300 0.22
mulberry 114300 114350 0.4
mulberry 114350 114400 0.3
mulberry 114400 114450 0.36
mulberry 114450 114500 0.36
mulberry 114500 114550 0.4
mulberry 114550 114600 0.22
mulberry 114600 114650 0.44
mulberry 114650 114700 0.46
mulberry 114700 114750 0.44
mulberry 114750 114800 0.32
mulberry 114800 114850 0.24
mulberry 114850 114900 0.28
mulberry 114900 114950 0.46
mulberry 114950 115000 0.34
mulberry 115000 115050 0.26
mulberry 115050 115100 0.26
mulberry 115100 115150 0.32
mulberry 115150 115200 0.24
mulberry 115200 115250 0.28
mulberry 115250 115300 0.28
mulberry 115300 115350 0.32
mulberry 115350 115400 0.36
mulberry 115400 115450 0.28
mulberry 115450 115500 0.1
mulberry 115500 115550 0.3
mulberry 115550 115600 0.16
mulberry 115600 115650 0.12
mulberry 115650 115700 0.22
mulberry 115700 115750 0.2
mulberry 115750 115800 0.22
mulberry 115800 115850 0.24
mulberry 115850 115900 0.24
mulberry 115900 115950 0.28
mulberry 115950 116000 0.14
mulberry 116000 116050 0.36
mulberry 116050 116100 0.18
mulberry 116100 116150 0.32
mulberry 116150 116200 0.28
mulberry 116200 116250 0.16
mulberry 116250 116300 0.22
mulberry 116300 116350 0.26
mulberry 116350 116400 0.28
mulberry 116400 116450 0.14
mulberry 116450 116500 0.3
mulberry 116500 116550 0.22
mulberry 116550 116600 0.2
mulberry 116600 116650 0.26
mulberry 116650 116700 0.1
mulberry 116700 116750 0.26
mulberry 116750 116800 0.3
mulberry 116800 116850 0.32
mulberry 116850 116900 0.28
mulberry 116900 116950 0.26
mulberry 116950 117000 0.24
mulberry 117000 117050 0.1
mulberry 117050 117100 0.02
mulberry 117100 117150 0.16
mulberry 117150 117200 0.04
mulberry 117200 117250 0.06
mulberry 117250 117300 0.04
mulberry 117300 117350 0.2
mulberry 117350 117400 0.3
mulberry 117400 117450 0.16
mulberry 117450 117500 0.26
mulberry 117500 117550 0.34
mulberry 117550 117600 0.22
mulberry 117600 117650 0.14
mulberry 117650 117700 0.06
mulberry 117700 117750 0.2
mulberry 117750 117800 0.22
mulberry 117800 117850 0.22
mulberry 117850 117900 0.2
mulberry 117900 117950 0.26
mulberry 117950 118000 0.3
mulberry 118000 118050 0.26
mulberry 118050 118100 0.36
mulberry 118100 118150 0.22
mulberry 118150 118200 0.12
mulberry 118200 118250 0.32
mulberry 118250 118300 0.22
mulberry 118300 118350 0.18
mulberry 118350 118400 0.24
mulberry 118400 118450 0.14
mulberry 118450 118500 0.32
mulberry 118500 118550 0.32
mulberry 118550 118600 0.56
mulberry 118600 118650 0.4
mulberry 118650 118700 0.3
mulberry 118700 118750 0.14
mulberry 118750 118800 0.26
mulberry 118800 118850 0.34
mulberry 118850 118900 0.3
mulberry 118900 118950 0.18
mulberry 118950 119000 0.28
mulberry 119000 119050 0.38
mulberry 119050 119100 0.34
mulberry 119100 119150 0.42
mulberry 119150 119200 0.4
mulberry 119200 119250 0.2
mulberry 119250 119300 0.42
mulberry 119300 119350 0.3
mulberry 119350 119400 0.28
mulberry 119400 119450 0.4
mulberry 119450 119500 0.46
mulberry 119500 119550 0.28
mulberry 119550 119600 0.36
mulberry 119600 119650 0.3
mulberry 119650 119700 0.3
mulberry 119700 119750 0.2
mulberry 119750 119800 0.38
mulberry 119800 119850 0.36
mulberry 119850 119900 0.2
mulberry 119900 119950 0.2
mulberry 119950 120000 0.3
mulberry 120000 120050 0.34
mulberry 120050 120100 0.38
mulberry 120100 120150 0.32
mulberry 120150 120200 0.3
mulberry 120200 120250 0.22
mulberry 120250 120300 0.28
mulberry 120300 120350 0.4
mulberry 120350 120400 0.4
mulberry 120400 120450 0.46
mulberry 120450 120500 0.36
mulberry 120500 120550 0.34
mulberry 120550 120600 0.34
mulberry 120600 120650 0.32
mulberry 120650 120700 0.38
mulberry 120700 120750 0.36
mulberry 120750 120800 0.46
mulberry 120800 120850 0.32
mulberry 120850 120900 0.3
mulberry 120900 120950 0.34
mulberry 120950 121000 0.3
mulberry 121000 121050 0.38
mulberry 121050 121100 0.28
mulberry 121100 121150 0.44
mulberry 121150 121200 0.5
mulberry 121200 121250 0.38
mulberry 121250 121300 0.38
mulberry 121300 121350 0.34
mulberry 121350 121400 0.32
mulberry 121400 121450 0.28
mulberry 121450 121500 0.3
mulberry 121500 121550 0.36
mulberry 121550 121600 0.32
mulberry 121600 121650 0.42
mulberry 121650 121700 0.4
mulberry 121700 121750 0.42
mulberry 121750 121800 0.44
mulberry 121800 121850 0.38
mulberry 121850 121900 0.2
mulberry 121900 121950 0.24
mulberry 121950 122000 0.32
mulberry 122000 122050 0.3
mulberry 122050 122100 0.22
mulberry 122100 122150 0.26
mulberry 122150 122200 0.32
mulberry 122200 122250 0.44
mulberry 122250 122300 0.24
mulberry 122300 122350 0.3
mulberry 122350 122400 0.38
mulberry 122400 122450 0.38
mulberry 122450 122500 0.22
mulberry 122500 122550 0.22
mulberry 122550 122600 0.16
mulberry 122600 122650 0.22
mulberry 122650 122700 0.26
mulberry 122700 122750 0.36
mulberry 122750 122800 0.26
mulberry 122800 122850 0.32
mulberry 122850 122900 0.32
mulberry 122900 122950 0.38
mulberry 122950 123000 0.28
mulberry 123000 123050 0.42
mulberry 123050 123100 0.18
mulberry 123100 123150 0.4
mulberry 123150 123200 0.34
mulberry 123200 123250 0.26
mulberry 123250 123300 0.32
mulberry 123300 123350 0.28
mulberry 123350 123400 0.32
mulberry 123400 123450 0.24
mulberry 123450 123500 0.32
mulberry 123500 123550 0.26
mulberry 123550 123600 0.22
mulberry 123600 123650 0.26
mulberry 123650 123700 0.3
mulberry 123700 123750 0.34
mulberry 123750 123800 0.34
mulberry 123800 123850 0.26
mulberry 123850 123900 0.44
mulberry 123900 123950 0.4
mulberry 123950 124000 0.38
mulberry 124000 124050 0.42
mulberry 124050 124100 0.42
mulberry 124100 124150 0.2
mulberry 124150 124200 0.3
mulberry 124200 124250 0.3
mulberry 124250 124300 0.42
mulberry 124300 124350 0.28
mulberry 124350 124400 0.26
mulberry 124400 124450 0.28
mulberry 124450 124500 0.26
mulberry 124500 124550 0.36
mulberry 124550 124600 0.36
mulberry 124600 124650 0.36
mulberry 124650 124700 0.38
mulberry 124700 124750 0.36
mulberry 124750 124800 0.52
mulberry 124800 124850 0.3
mulberry 124850 124900 0.26
mulberry 124900 124950 0.2
mulberry 124950 125000 0.18
mulberry 125000 125050 0.14
mulberry 125050 125100 0.26
mulberry 125100 125150 0.2
mulberry 125150 125200 0.18
mulberry 125200 125250 0.18
mulberry 125250 125300 0.3
mulberry 125300 125350 0.3
mulberry 125350 125400 0.48
mulberry 125400 125450 0.26
mulberry 125450 125500 0.34
mulberry 125500 125550 0.34
mulberry 125550 125600 0.36
mulberry 125600 125650 0.4
mulberry 125650 125700 0.28
mulberry 125700 125750 0.2
mulberry 125750 125800 0.26
mulberry 125800 125850 0.32
mulberry 125850 125900 0.34
mulberry 125900 125950 0.34
mulberry 125950 126000 0.3
mulberry 126000 126050 0.4
mulberry 126050 126100 0.4
mulberry 126100 126150 0.38
mulberry 126150 126200 0.38
mulberry 126200 126250 0.48
mulberry 126250 126300 0.36
mulberry 126300 126350 0.36
mulberry 126350 126400 0.26
mulberry 126400 126450 0.3
mulberry 126450 126500 0.34
mulberry 126500 126550 0.34
mulberry 126550 126600 0.44
mulberry 126600 126650 0.38
mulberry 126650 126700 0.34
mulberry 126700 126750 0.32
mulberry 126750 126800 0.4
mulberry 126800 126850 0.34
mulberry 126850 126900 0.4
mulberry 126900 126950 0.4
mulberry 126950 127000 0.4
mulberry 127000 127050 0.34
mulberry 127050 127100 0.2
mulberry 127100 127150 0.5
mulberry 127150 127200 0.36
mulberry 127200 127250 0.4
mulberry 127250 127300 0.48
mulberry 127300 127350 0.38
mulberry 127350 127400 0.4
mulberry 127400 127450 0.34
mulberry 127450 127500 0.38
mulberry 127500 127550 0.42
mulberry 127550 127600 0.44
mulberry 127600 127650 0.34
mulberry 127650 127700 0.2
mulberry 127700 127750 0.22
mulberry 127750 127800 0.24
mulberry 127800 127850 0.34
mulberry 127850 127900 0.4
mulberry 127900 127950 0.32
mulberry 127950 128000 0.36
mulberry 128000 128050 0.42
mulberry 128050 128100 0.2
mulberry 128100 128150 0.18
mulberry 128150 128200 0.22
mulberry 128200 128250 0.18
mulberry 128250 128300 0.2
mulberry 128300 128350 0.3
mulberry 128350 128400 0.3
mulberry 128400 128450 0.3
mulberry 128450 128500 0.38
mulberry 128500 128550 0.34
mulberry 128550 128600 0.18
mulberry 128600 128650 0.28
mulberry 128650 128700 0.28
mulberry 128700 128750 0.3
mulberry 128750 128800 0.26
mulberry 128800 128850 0.36
mulberry 128850 128900 0.28
mulberry 128900 128950 0.3
mulberry 128950 129000 0.26
mulberry 129000 129050 0.3
mulberry 129050 129100 0.32
mulberry 129100 129150 0.3
mulberry 129150 129200 0.32
mulberry 129200 129250 0.28
mulberry 129250 129300 0.3
mulberry 129300 129350 0.14
mulberry 129350 129400 0.28
mulberry 129400 129450 0.24
mulberry 129450 129500 0.26
mulberry 129500 129550 0.36
mulberry 129550 129600 0.24
mulberry 129600 129650 0.3
mulberry 129650 129700 0.3
mulberry 129700 129750 0.34
mulberry 129750 129800 0.26
mulberry 129800 129850 0.28
mulberry 129850 129900 0.2
mulberry 129900 129950 0.24
mulberry 129950 130000 0.08
mulberry 130000 130050 0.22
mulberry 130050 130100 0.22
mulberry 130100 130150 0.26
mulberry 130150 130200 0.3
mulberry 130200 130250 0.26
mulberry 130250 130300 0.26
mulberry 130300 130350 0.24
mulberry 130350 130400 0.22
mulberry 130400 130450 0.24
mulberry 130450 130500 0.22
mulberry 130500 130550 0.18
mulberry 130550 130600 0.18
mulberry 130600 130650 0.12
mulberry 130650 130700 0.2
mulberry 130700 130750 0.26
mulberry 130750 130800 0.22
mulberry 130800 130850 0.22
mulberry 130850 130900 0.22
mulberry 130900 130950 0.32
mulberry 130950 131000 0.22
mulberry 131000 131050 0.22
mulberry 131050 131100 0.2
mulberry 131100 131150 0.14
mulberry 131150 131200 0.16
mulberry 131200 131250 0.38
mulberry 131250 131300 0.24
mulberry 131300 131350 0.36
mulberry 131350 131400 0.34
mulberry 131400 131450 0.32
mulberry 131450 131500 0.42
mulberry 131500 131550 0.22
mulberry 131550 131600 0.24
mulberry 131600 131650 0.38
mulberry 131650 131700 0.26
mulberry 131700 131750 0.32
mulberry 131750 131800 0.22
mulberry 131800 131850 0.42
mulberry 131850 131900 0.42
mulberry 131900 131950 0.38
mulberry 131950 132000 0.32
mulberry 132000 132050 0.28
mulberry 132050 132100 0.46
mulberry 132100 132150 0.32
mulberry 132150 132200 0.28
mulberry 132200 132250 0.26
mulberry 132250 132300 0.18
mulberry 132300 132350 0.22
mulberry 132350 132400 0.2
mulberry 132400 132450 0.24
mulberry 132450 132500 0.26
mulberry 132500 132550 0.34
mulberry 132550 132600 0.24
mulberry 132600 132650 0.3
mulberry 132650 132700 0.24
mulberry 132700 132750 0.2
mulberry 132750 132800 0.34
mulberry 132800 132850 0.32
mulberry 132850 132900 0.26
mulberry 132900 132950 0.3
mulberry 132950 133000 0.38
mulberry 133000 133050 0.24
mulberry 133050 133100 0.3
mulberry 133100 133150 0.38
mulberry 133150 133200 0.5
mulberry 133200 133250 0.4
mulberry 133250 133300 0.4
mulberry 133300 133350 0.28
mulberry 133350 133400 0.22
mulberry 133400 133450 0.34
mulberry 133450 133500 0.32
mulberry 133500 133550 0.3
mulberry 133550 133600 0.24
mulberry 133600 133650 0.32
mulberry 133650 133700 0.32
mulberry 133700 133750 0.44
mulberry 133750 133800 0.42
mulberry 133800 133850 0.42
mulberry 133850 133900 0.52
mulberry 133900 133950 0.38
mulberry 133950 134000 0.26
mulberry 134000 134050 0.28
mulberry 134050 134100 0.26
mulberry 134100 134150 0.38
mulberry 134150 134200 0.36
mulberry 134200 134250 0.52
mulberry 134250 134300 0.42
mulberry 134300 134350 0.54
mulberry 134350 134400 0.42
mulberry 134400 134450 0.36
mulberry 134450 134500 0.42
mulberry 134500 134550 0.46
mulberry 134550 134600 0.44
mulberry 134600 134650 0.36
mulberry 134650 134700 0.48
mulberry 134700 134750 0.42
mulberry 134750 134800 0.5
mulberry 134800 134850 0.36
mulberry 134850 134900 0.44
mulberry 134900 134950 0.52
mulberry 134950 135000 0.58
mulberry 135000 135050 0.6
mulberry 135050 135100 0.56
mulberry 135100 135150 0.46
mulberry 135150 135200 0.5
mulberry 135200 135250 0.42
mulberry 135250 135300 0.2
mulberry 135300 135350 0.5
mulberry 135350 135400 0.5
mulberry 135400 135450 0.46
mulberry 135450 135500 0.46
mulberry 135500 135550 0.56
mulberry 135550 135600 0.44
mulberry 135600 135650 0.44
mulberry 135650 135700 0.5
mulberry 135700 135750 0.5
mulberry 135750 135800 0.52
mulberry 135800 135850 0.58
mulberry 135850 135900 0.48
mulberry 135900 135950 0.6
mulberry 135950 136000 0.56
mulberry 136000 136050 0.54
mulberry 136050 136100 0.58
mulberry 136100 136150 0.58
mulberry 136150 136200 0.52
mulberry 136200 136250 0.6
mulberry 136250 136300 0.6
mulberry 136300 136350 0.62
mulberry 136350 136400 0.58
mulberry 136400 136450 0.54
mulberry 136450 136500 0.52
mulberry 136500 136550 0.62
mulberry 136550 136600 0.5
mulberry 136600 136650 0.52
mulberry 136650 136700 0.58
mulberry 136700 136750 0.54
mulberry 136750 136800 0.66
mulberry 136800 136850 0.6
mulberry 136850 136900 0.56
mulberry 136900 136950 0.62
mulberry 136950 137000 0.5
mulberry 137000 137050 0.54
mulberry 137050 137100 0.56
mulberry 137100 137150 0.5
mulberry 137150 137200 0.52
mulberry 137200 137250 0.58
mulberry 137250 137300 0.52
mulberry 137300 137350 0.58
mulberry 137350 137400 0.46
mulberry 137400 137450 0.68
mulberry 137450 137500 0.52
mulberry 137500 137550 0.56
mulberry 137550 137600 0.58
mulberry 137600 137650 0.52
mulberry 137650 137700 0.58
mulberry 137700 137750 0.42
mulberry 137750 137800 0.62
mulberry 137800 137850 0.56
mulberry 137850 137900 0.54
mulberry 137900 137950 0.46
mulberry 137950 138000 0.52
mulberry 138000 138050 0.54
mulberry 138050 138100 0.6
mulberry 138100 138150 0.6
mulberry 138150 138200 0.52
mulberry 138200 138250 0.52
mulberry 138250 138300 0.56
mulberry 138300 138350 0.54
mulberry 138350 138400 0.6
mulberry 138400 138450 0.58
mulberry 138450 138500 0.42
mulberry 138500 138550 0.5
mulberry 138550 138600 0.52
mulberry 138600 138650 0.56
mulberry 138650 138700 0.48
mulberry 138700 138750 0.38
mulberry 138750 138800 0.4
mulberry 138800 138850 0.5
mulberry 138850 138900 0.58
mulberry 138900 138950 0.5
mulberry 138950 139000 0.4
mulberry 139000 139050 0.46
mulberry 139050 139100 0.52
mulberry 139100 139150 0.42
mulberry 139150 139200 0.54
mulberry 139200 139250 0.58
mulberry 139250 139300 0.62
mulberry 139300 139350 0.5
mulberry 139350 139400 0.52
mulberry 139400 139450 0.62
mulberry 139450 139500 0.5
mulberry 139500 139550 0.44
mulberry 139550 139600 0.46
mulberry 139600 139650 0.46
mulberry 139650 139700 0.54
mulberry 139700 139750 0.4
mulberry 139750 139800 0.64
mulberry 139800 139850 0.44
mulberry 139850 139900 0.5
mulberry 139900 139950 0.52
mulberry 139950 140000 0.4
mulberry 140000 140050 0.5
mulberry 140050 140100 0.42
mulberry 140100 140150 0.58
mulberry 140150 140200 0.42
mulberry 140200 140250 0.48
mulberry 140250 140300 0.4
mulberry 140300 140350 0.52
mulberry 140350 140400 0.46
mulberry 140400 140450 0.48
mulberry 140450 140500 0.44
mulberry 140500 140550 0.6
mulberry 140550 140600 0.48
mulberry 140600 140650 0.52
mulberry 140650 140700 0.5
mulberry 140700 140750 0.58
mulberry 140750 140800 0.7
mulberry 140800 140850 0.56
mulberry 140850 140900 0.62
mulberry 140900 140950 0.42
mulberry 140950 141000 0.4
mulberry 141000 141050 0.44
mulberry 141050 141100 0.54
mulberry 141100 141150 0.54
mulberry 141150 141200 0.62
mulberry 141200 141250 0.62
mulberry 141250 141300 0.56
mulberry 141300 141350 0.52
mulberry 141350 141400 0.66
mulberry 141400 141450 0.56
mulberry 141450 141500 0.52
mulberry 141500 141550 0.62
mulberry 141550 141600 0.64
mulberry 141600 141650 0.5
mulberry 141650 141700 0.56
mulberry 141700 141750 0.5
mulberry 141750 141800 0.56
mulberry 141800 141850 0.54
mulberry 141850 141900 0.58
mulberry 141900 141950 0.5
mulberry 141950 142000 0.6
mulberry 142000 142050 0.54
mulberry 142050 142100 0.54
mulberry 142100 142150 0.48
mulberry 142150 142200 0.58
mulberry 142200 142250 0.62
mulberry 142250 142300 0.6
mulberry 142300 142350 0.5
mulberry 142350 142400 0.62
mulberry 142400 142450 0.58
mulberry 142450 142500 0.58
mulberry 142500 142550 0.56
mulberry 142550 142600 0.42
mulberry 142600 142650 0.38
mulberry 142650 142700 0.52
mulberry 142700 142750 0.52
mulberry 142750 142800 0.44
mulberry 142800 142850 0.52
mulberry 142850 142900 0.44
mulberry 142900 142950 0.44
mulberry 142950 143000 0.44
mulberry 143000 143050 0.38
mulberry 143050 143100 0.42
mulberry 143100 143150 0.36
mulberry 143150 143200 0.42
mulberry 143200 143250 0.42
mulberry 143250 143300 0.34
mulberry 143300 143350 0.48
mulberry 143350 143400 0.34
mulberry 143400 143450 0.3
mulberry 143450 143500 0.32
mulberry 143500 143550 0.48
mulberry 143550 143600 0.42
mulberry 143600 143650 0.48
mulberry 143650 143700 0.58
mulberry 143700 143750 0.44
mulberry 143750 143800 0.24
mulberry 143800 143850 0.54
mulberry 143850 143900 0.38
mulberry 143900 143950 0.48
mulberry 143950 144000 0.48
mulberry 144000 144050 0.48
mulberry 144050 144100 0.26
mulberry 144100 144150 0.44
mulberry 144150 144200 0.26
mulberry 144200 144250 0.36
mulberry 144250 144300 0.3
mulberry 144300 144350 0.22
mulberry 144350 144400 0.4
mulberry 144400 144450 0.5
mulberry 144450 144500 0.4
mulberry 144500 144550 0.44
mulberry 144550 144600 0.4
mulberry 144600 144650 0.42
mulberry 144650 144700 0.38
mulberry 144700 144750 0.46
mulberry 144750 144800 0.5
mulberry 144800 144850 0.36
mulberry 144850 144900 0.42
mulberry 144900 144950 0.4
mulberry 144950 145000 0.28
mulberry 145000 145050 0.42
mulberry 145050 145100 0.36
mulberry 145100 145150 0.38
mulberry 145150 145200 0.4
mulberry 145200 145250 0.32
mulberry 145250 145300 0.48
mulberry 145300 145350 0.38
mulberry 145350 145400 0.26
mulberry 145400 145450 0.48
mulberry 145450 145500 0.32
mulberry 145500 145550 0.32
mulberry 145550 145600 0.32
mulberry 145600 145650 0.46
mulberry 145650 145700 0.46
mulberry 145700 145750 0.52
mulberry 145750 145800 0.38
mulberry 145800 145850 0.48
mulberry 145850 145900 0.36
mulberry 145900 145950 0.38
mulberry 145950 146000 0.3
mulberry 146000 146050 0.44
mulberry 146050 146100 0.28
mulberry 146100 146150 0.36
mulberry 146150 146200 0.36
mulberry 146200 146250 0.34
mulberry 146250 146300 0.36
mulberry 146300 146350 0.34
mulberry 146350 146400 0.28
mulberry 146400 146450 0.44
mulberry 146450 146500 0.32
mulberry 146500 146550 0.28
mulberry 146550 146600 0.32
mulberry 146600 146650 0.38
mulberry 146650 146700 0.36
mulberry 146700 146750 0.34
mulberry 146750 146800 0.5
mulberry 146800 146850 0.46
mulberry 146850 146900 0.34
mulberry 146900 146950 0.48
mulberry 146950 147000 0.48
mulberry 147000 147050 0.36
mulberry 147050 147100 0.44
mulberry 147100 147150 0.36
mulberry 147150 147200 0.34
mulberry 147200 147250 0.38
mulberry 147250 147300 0.42
mulberry 147300 147350 0.44
mulberry 147350 147400 0.38
mulberry 147400 147450 0.38
mulberry 147450 147500 0.3
mulberry 147500 147550 0.38
mulberry 147550 147600 0.4
mulberry 147600 147650 0.42
mulberry 147650 147700 0.44
mulberry 147700 147750 0.38
mulberry 147750 147800 0.4
mulberry 147800 147850 0.34
mulberry 147850 147900 0.34
mulberry 147900 147950 0.4
mulberry 147950 148000 0.34
mulberry 148000 148050 0.4
mulberry 148050 148100 0.4
mulberry 148100 148150 0.42
mulberry 148150 148200 0.46
mulberry 148200 148250 0.24
mulberry 148250 148300 0.44
mulberry 148300 148350 0.3
mulberry 148350 148400 0.36
mulberry 148400 148450 0.36
mulberry 148450 148500 0.38
mulberry 148500 148550 0.38
mulberry 148550 148600 0.42
mulberry 148600 148650 0.34
mulberry 148650 148700 0.36
mulberry 148700 148750 0.44
mulberry 148750 148800 0.36
mulberry 148800 148850 0.28
mulberry 148850 148900 0.44
mulberry 148900 148950 0.38
mulberry 148950 149000 0.34
mulberry 149000 149050 0.5
mulberry 149050 149100 0.36
mulberry 149100 149150 0.42
mulberry 149150 149200 0.62
mulberry 149200 149250 0.36
mulberry 149250 149300 0.42
mulberry 149300 149350 0.58
mulberry 149350 149400 0.46
mulberry 149400 149450 0.52
mulberry 149450 149500 0.48
mulberry 149500 149550 0.36
mulberry 149550 149600 0.46
mulberry 149600 149650 0.26
mulberry 149650 149700 0.38
mulberry 149700 149750 0.38
mulberry 149750 149800 0.34
mulberry 149800 149850 0.36
mulberry 149850 149900 0.3
mulberry 149900 149950 0.4
mulberry 149950 150000 0.42
mulberry 150000 150050 0.42
mulberry 150050 150100 0.38
mulberry 150100 150150 0.48
mulberry 150150 150200 0.5
mulberry 150200 150250 0.4
mulberry 150250 150300 0.44
mulberry 150300 150350 0.56
mulberry 150350 150400 0.32
mulberry 150400 150450 0.46
mulberry 150450 150500 0.48
mulberry 150500 150550 0.42
mulberry 150550 150600 0.42
mulberry 150600 150650 0.48
mulberry 150650 150700 0.36
mulberry 150700 150750 0.3
mulberry 150750 150800 0.36
mulberry 150800 150850 0.44
mulberry 150850 150900 0.36
mulberry 150900 150950 0.34
mulberry 150950 151000 0.48
mulberry 151000 151050 0.32
mulberry 151050 151100 0.38
mulberry 151100 151150 0.36
mulberry 151150 151200 0.34
mulberry 151200 151250 0.42
mulberry 151250 151300 0.36
mulberry 151300 151350 0.38
mulberry 151350 151400 0.38
mulberry 151400 151450 0.48
mulberry 151450 151500 0.4
mulberry 151500 151550 0.34
mulberry 151550 151600 0.42
mulberry 151600 151650 0.5
mulberry 151650 151700 0.38
mulberry 151700 151750 0.36
mulberry 151750 151800 0.24
mulberry 151800 151850 0.36
mulberry 151850 151900 0.34
mulberry 151900 151950 0.38
mulberry 151950 152000 0.4
mulberry 152000 152050 0.26
mulberry 152050 152100 0.38
mulberry 152100 152150 0.28
mulberry 152150 152200 0.48
mulberry 152200 152250 0.46
mulberry 152250 152300 0.34
mulberry 152300 152350 0.4
mulberry 152350 152400 0.38
mulberry 152400 152450 0.4
mulberry 152450 152500 0.42
mulberry 152500 152550 0.34
mulberry 152550 152600 0.32
mulberry 152600 152650 0.38
mulberry 152650 152700 0.28
mulberry 152700 152750 0.3
mulberry 152750 152800 0.38
mulberry 152800 152850 0.32
mulberry 152850 152900 0.42
mulberry 152900 152950 0.36
mulberry 152950 153000 0.36
mulberry 153000 153050 0.32
mulberry 153050 153100 0.42
mulberry 153100 153150 0.38
mulberry 153150 153200 0.34
mulberry 153200 153250 0.34
mulberry 153250 153300 0.32
mulberry 153300 153350 0.28
mulberry 153350 153400 0.38
mulberry 153400 153450 0.3
mulberry 153450 153500 0.4
mulberry 153500 153550 0.36
mulberry 153550 153600 0.38
mulberry 153600 153650 0.28
mulberry 153650 153700 0.32
mulberry 153700 153750 0.34
mulberry 153750 153800 0.4
mulberry 153800 153850 0.38
mulberry 153850 153900 0.32
mulberry 153900 153950 0.36
mulberry 153950 154000 0.34
mulberry 154000 154050 0.38
mulberry 154050 154100 0.42
mulberry 154100 154150 0.32
mulberry 154150 154200 0.24
mulberry 154200 154250 0.36
mulberry 154250 154300 0.3
mulberry 154300 154350 0.32
mulberry 154350 154400 0.36
mulberry 154400 154450 0.48
mulberry 154450 154500 0.3
mulberry 154500 154550 0.32
mulberry 154550 154600 0.36
mulberry 154600 154650 0.44
mulberry 154650 154700 0.36
mulberry 154700 154750 0.36
mulberry 154750 154800 0.36
mulberry 154800 154850 0.44
mulberry 154850 154900 0.16
mulberry 154900 154950 0.42
mulberry 154950 155000 0.44
mulberry 155000 155050 0.4
mulberry 155050 155100 0.38
mulberry 155100 155150 0.46
mulberry 155150 155200 0.42
mulberry 155200 155250 0.34
mulberry 155250 155300 0.32
mulberry 155300 155350 0.38
mulberry 155350 155400 0.32
mulberry 155400 155450 0.4
mulberry 155450 155500 0.42
mulberry 155500 155550 0.44
mulberry 155550 155600 0.38
mulberry 155600 155650 0.36
mulberry 155650 155700 0.38
mulberry 155700 155750 0.36
mulberry 155750 155800 0.42
mulberry 155800 155850 0.4
mulberry 155850 155900 0.28
mulberry 155900 155950 0.38
mulberry 155950 156000 0.56
mulberry 156000 156050 0.4
mulberry 156050 156100 0.4
mulberry 156100 156150 0.32
mulberry 156150 156200 0.42
mulberry 156200 156250 0.32
mulberry 156250 156300 0.32
mulberry 156300 156350 0.42
mulberry 156350 156400 0.3
mulberry 156400 156450 0.34
mulberry 156450 156500 0.34
mulberry 156500 156550 0.34
mulberry 156550 156600 0.36
mulberry 156600 156650 0.5
mulberry 156650 156700 0.48
mulberry 156700 156750 0.34
mulberry 156750 156800 0.32
mulberry 156800 156850 0.34
mulberry 156850 156900 0.28
mulberry 156900 156950 0.34
mulberry 156950 157000 0.38
mulberry 157000 157050 0.48
mulberry 157050 157100 0.4
mulberry 157100 157150 0.28
mulberry 157150 157200 0.48
mulberry 157200 157250 0.38
mulberry 157250 157300 0.52
mulberry 157300 157350 0.4
mulberry 157350 157400 0.32
mulberry 157400 157450 0.34
mulberry 157450 157500 0.46
mulberry 157500 157550 0.4
mulberry 157550 157600 0.34
mulberry 157600 157650 0.42
mulberry 157650 157700 0.4
mulberry 157700 157750 0.26
mulberry 157750 157800 0.58
mulberry 157800 157850 0.38
mulberry 157850 157900 0.44
mulberry 157900 157950 0.4
mulberry 157950 158000 0.46
mulberry 158000 158050 0.34
mulberry 158050 158100 0.24
mulberry 158100 158150 0.36
mulberry 158150 158200 0.4
mulberry 158200 158250 0.44
mulberry 158250 158300 0.46
mulberry 158300 158350 0.42
mulberry 158350 158400 0.52
mulberry 158400 158450 0.5
mulberry 158450 158500 0.44
mulberry 158500 158550 0.58
mulberry 158550 158600 0.5
mulberry 158600 158650 0.28
mulberry 158650 158700 0.26
